time, color, angle, distance, speed, color_dev, color_int, color_der, speed_dev, speed_int, speed_der
0, 52, 26.6, 908, 1062.0, 19.0, 19.0, 19.0, 708, 708.0, 708.0
52, 52, 19.0, 908, 849.6, 19.0, 38.0, 0.0, 708, 1416.0, 0
103, 51, 19.5, 916, 861.6, 18.0, 56.00000000000001, -1.0, 716, 2132.0, 8
154, 51, 21.8, 878, 802.2, 18.0, 74.0, 0.0, 678, 2810.0, -38
212, 53, 26.4, 877, 812.1, 20.0, 94.0, 2.0, 677, 3487.0, -1
271, 50, 23.2, 886, 825.9, 17.0, 111.0, -3.0, 686, 4173.000000000001, 9
322, 31, -0.1999999999999993, 970, 949.2000000000001, -2.0, 109.0, -19.0, 770, 4943.000000000001, 84
373, 17, -10.5, 865, 766.5, -16.0, 93.00000000000001, -14.0, 665, 5608.000000000001, -105
424, 6, -20.5, 865, 798.0, -27.0, 66.00000000000001, -11.0, 665, 6273.000000000001, 0
481, 5, -19.1, 849, 774.0, -28.0, 38.0, -1.0, 649, 6922.000000000001, -16
539, 6, -20.0, 834, 756.3, -27.0, 11.0, 1.0, 634, 7556.000000000001, -15
590, 11, -16.2, 831, 756.3, -22.0, -11.0, 5.0, 631, 8187.000000000001, -3
643, 22, -5.5, 825, 748.2, -11.0, -22.0, 11.0, 625, 8812.000000000001, -6
695, 28, -3.7, 797, 708.0, -5.0, -27.0, 6.0, 597, 9409.000000000001, -28
751, 35, 2.6, 804, 726.9, 2.0, -25.0, 7.0, 604, 10013.0, 7
802, 46, 14.7, 782, 691.7999999999999, 13.0, -12.0, 11.0, 582, 10595.0, -22
856, 46, 10.5, 788, 707.4, 13.0, 1.0, 0.0, 588, 11183.0, 6
910, 45, 10.4, 773, 683.1, 12.0, 13.0, -1.0, 573, 11756.0, -15
963, 42, 7.9, 766, 677.0999999999999, 9.0, 22.0, -3.0, 566, 12322.0, -7
1019, 39, 6.100000000000001, 766, 679.2, 6.0, 28.0, -3.0, 566, 12888.0, 0
1073, 39, 8.200000000000001, 766, 679.2, 6.0, 34.0, 0.0, 566, 13454.0, 0
1130, 32, -1.0, 766, 679.2, -1.0, 33.0, -7.0, 566, 14020.0, 0
1185, 28, -3.2, 766, 679.2, -5.0, 28.0, -4.0, 566, 14586.0, 0
1240, 19, -14.3, 766, 679.2, -14.0, 14.0, -9.0, 566, 15152.0, 0
1294, 20, -9.800000000000001, 766, 679.2, -13.0, 1.0, 1.0, 566, 15718.0, 0
1348, 25, -4.600000000000001, 766, 679.2, -8.0, -7.0, 5.0, 566, 16284.0, 0
1402, 35, 6.1, 766, 679.2, 2.0, -5.0, 10.0, 566, 16850.0, 0
1456, 44, 13.9, 766, 679.2, 11.0, 6.0, 9.0, 566, 17416.0, 0
1512, 46, 13.3, 681, 551.6999999999999, 13.0, 19.0, 2.0, 481, 17897.0, -85
1565, 43, 9.4, 672, 563.7, 10.0, 29.0, -3.0, 472, 18369.0, -9
1628, 30, -6.300000000000001, 680, 578.4, -3.0, 26.0, -13.0, 480, 18849.0, 8
1681, 19, -15.5, 679, 574.5, -14.0, 12.0, -11.0, 479, 19328.0, -1
1739, 16, -15.6, 679, 574.7999999999999, -17.0, -5.0, -3.0, 479, 19807.0, 0
1791, 22, -7.4, 679, 574.7999999999999, -11.0, -16.0, 6.0, 479, 20286.0, 0
1845, 34, 5.3, 668, 558.3000000000001, 1.0, -15.0, 12.0, 468, 20754.0, -11
1899, 44, 13.4, 658, 546.6, 11.0, -4.0, 10.0, 458, 21212.0, -10
1953, 50, 17.9, 625, 500.1, 17.0, 13.0, 6.0, 425, 21637.0, -33
2010, 49, 15.2, 603, 477.0, 16.0, 29.0, -1.0, 403, 22040.0, -22
2064, 37, 0.5, 616, 503.1, 4.0, 33.0, -12.0, 416, 22456.0, 13
2117, 23, -12.7, 595, 467.7, -10.0, 23.0, -14.0, 395, 22851.0, -21
2173, 13, -20.7, 605, 489.0, -20.0, 3.0, -10.0, 405, 23256.0, 10
2227, 18, -10.7, 546, 397.5, -15.0, -12.0, 5.0, 346, 23602.0, -59
2281, 27, -2.100000000000001, 542, 409.2, -6.0, -18.0, 9.0, 342, 23944.0, -4
2336, 41, 12.4, 525, 384.9, 8.0, -10.0, 14.0, 325, 24269.0, -17
2389, 52, 21.6, 511, 369.0, 19.0, 9.0, 11.0, 311, 24580.0, -14
2441, 48, 12.4, 500, 356.7, 15.0, 24.0, -4.0, 300, 24880.0, -11
2496, 41, 6.100000000000001, 486, 339.0, 8.0, 32.0, -7.0, 286, 25166.0, -14
2549, 27, -9.200000000000001, 487, 344.7, -6.0, 26.0, -14.0, 287, 25453.0, 1
2602, 16, -18.2, 481, 335.4, -17.0, 9.0, -11.0, 281, 25734.0, -6
2659, 17, -13.0, 473, 325.2, -16.0, -7.0, 1.0, 273, 26007.0, -8
2712, 26, -2.500000000000001, 496, 362.1, -7.0, -14.0, 9.0, 296, 26303.0, 23
2770, 36, 6.300000000000001, 471, 317.7, 3.0, -11.0, 10.0, 271, 26574.0, -25
2826, 43, 11.4, 454, 299.7, 10.0, -1.0, 7.0, 254, 26828.0, -17
2881, 45, 11.7, 460, 313.8, 12.0, 11.0, 2.0, 260, 27088.0, 6
2935, 42, 7.699999999999999, 464, 318.0, 9.0, 20.0, -3.0, 264, 27352.0, 4
2989, 33, -2.5, 464, 316.8, 0.0, 20.0, -9.0, 264, 27616.0, 0
3043, 25, -9.199999999999999, 538, 427.8, -8.0, 12.0, -8.0, 338, 27954.0, 74
3099, 24, -7.4, 401, 200.1, -9.0, 3.0, -1.0, 201, 28155.0, -137
3158, 22, -10.6, 393, 229.2, -11.0, -8.0, -2.0, 193, 28348.0, -8
3211, 29, -0.9000000000000004, 376, 206.1, -4.0, -12.0, 7.0, 176, 28524.0, -17
3269, 46, 19.0, 376, 211.2, 13.0, 1.0, 17.0, 176, 28700.0, 0
3323, 54, 23.0, 372, 205.2, 21.0, 22.0, 8.0, 172, 28872.0, -4
3374, 38, -1.3, 372, 206.4, 5.0, 27.0, -16.0, 172, 29044.0, 0
3429, 35, 3.0, 375, 210.9, 2.0, 29.0, -3.0, 175, 29219.0, 3
3483, 26, -7.9, 380, 217.5, -7.0, 22.0, -9.0, 180, 29399.0, 5
3540, 29, 0.1, 385, 223.5, -4.0, 18.0, 3.0, 185, 29584.0, 5
3590, 35, 6.6, 385, 222.0, 2.0, 20.0, 6.0, 185, 29769.0, 0
3641, 43, 15.0, 393, 234.0, 10.0, 30.0, 8.0, 193, 29962.0, 8
3691, 43, 12.0, 392, 230.1, 10.0, 40.0, 0.0, 192, 30154.0, -1
3743, 30, -5.2, 389, 225.9, -3.0, 37.0, -13.0, 189, 30343.0, -3
3795, 16, -18.6, 376, 207.3, -17.0, 20.0, -14.0, 176, 30519.0, -13
3849, 15, -14.7, 376, 211.2, -18.0, 2.0, -1.0, 176, 30695.0, 0
3902, 24, -3.4, 364, 193.2, -9.0, -7.0, 9.0, 164, 30859.0, -12
3961, 34, 5.2, 365, 198.3, 1.0, -6.0, 10.0, 165, 31024.0, 1
4017, 38, 5.9, 365, 198.0, 5.0, -1.0, 4.0, 165, 31189.0, 0
4071, 32, -4.0, 357, 186.0, -1.0, -2.0, -6.0, 157, 31346.0, -8
4122, 26, -9.5, 370, 207.9, -7.0, -9.0, -6.0, 170, 31516.0, 13
4179, 29, -3.0, 374, 210.0, -4.0, -13.0, 3.0, 174, 31690.0, 4
4229, 37, 6.300000000000001, 366, 196.8, 4.0, -9.0, 8.0, 166, 31856.0, -8
4283, 46, 15.3, 365, 197.7, 13.0, 4.0, 9.0, 165, 32021.0, -1
4339, 44, 9.300000000000001, 372, 208.5, 11.0, 15.0, -2.0, 172, 32193.0, 7
4394, 40, 5.800000000000001, 374, 209.4, 7.0, 22.0, -4.0, 174, 32367.0, 2
4449, 35, 1.5, 392, 235.8, 2.0, 24.0, -5.0, 192, 32559.0, 18
4510, 30, -2.8, 393, 231.9, -3.0, 21.0, -5.0, 193, 32752.0, 1
4561, 24, -9.0, 370, 197.1, -9.0, 12.0, -6.0, 170, 32922.0, -23
4612, 24, -6.9, 364, 195.0, -9.0, 3.0, 0.0, 164, 33086.0, -6
4667, 27, -3.600000000000001, 361, 192.3, -6.0, -3.0, 3.0, 161, 33247.0, -3
4720, 30, -1.5, 370, 206.7, -3.0, -6.0, 3.0, 170, 33417.0, 9
4771, 33, 0.9, 366, 198.0, 0.0, -6.0, 3.0, 166, 33583.0, -4
4824, 35, 2.2, 374, 211.2, 2.0, -4.0, 2.0, 174, 33757.0, 8
4875, 35, 1.4, 364, 193.8, 2.0, -2.0, 0.0, 164, 33921.0, -10
4928, 32, -2.6, 357, 186.3, -1.0, -3.0, -3.0, 157, 34078.0, -7
4982, 28, -6.8, 364, 198.9, -5.0, -8.0, -4.0, 164, 34242.0, 7
5039, 29, -3.9, 361, 192.3, -4.0, -12.0, 1.0, 161, 34403.0, -3
5090, 33, 0.7999999999999998, 370, 206.7, 0.0, -12.0, 4.0, 170, 34573.0, 9
5141, 39, 7.200000000000001, 370, 204.0, 6.0, -6.0, 6.0, 170, 34743.0, 0
5192, 42, 9.0, 357, 184.5, 9.0, 3.0, 3.0, 157, 34900.0, -13
5243, 41, 7.0, 364, 198.9, 8.0, 11.0, -1.0, 164, 35064.0, 7
5294, 40, 6.9, 366, 199.8, 7.0, 18.0, -1.0, 166, 35230.0, 2
5351, 35, 1.1, 389, 233.7, 2.0, 20.0, -5.0, 189, 35419.0, 23
5401, 33, 1.0, 393, 232.8, 0.0, 20.0, -2.0, 193, 35612.0, 4
5459, 29, -3.6, 392, 230.1, -4.0, 16.0, -4.0, 192, 35804.0, -1
5519, 28, -3.4, 376, 206.4, -5.0, 11.0, -1.0, 176, 35980.0, -16
5570, 26, -6.2, 365, 194.7, -7.0, 4.0, -2.0, 165, 36145.0, -11
5631, 30, -0.3000000000000003, 365, 198.0, -3.0, 1.0, 4.0, 165, 36310.0, 0
5681, 34, 3.0, 364, 196.5, 1.0, 2.0, 4.0, 164, 36474.0, -1
5739, 35, 2.5, 361, 192.3, 2.0, 4.0, 1.0, 161, 36635.0, -3
5789, 31, -3.4, 357, 187.2, -2.0, 2.0, -4.0, 157, 36792.0, -4
5840, 27, -7.200000000000001, 357, 188.4, -6.0, -4.0, -4.0, 157, 36949.0, 0
5899, 28, -4.4, 357, 188.4, -5.0, -9.0, 1.0, 157, 37106.0, 0
5959, 37, 7.2, 361, 194.4, 4.0, -5.0, 9.0, 161, 37267.0, 4
6010, 42, 10.1, 357, 187.2, 9.0, 4.0, 5.0, 157, 37424.0, -4
6062, 38, 2.9, 364, 198.9, 5.0, 9.0, -4.0, 164, 37588.0, 7
6113, 35, 1.2, 364, 196.8, 2.0, 11.0, -3.0, 164, 37752.0, 0
6164, 35, 2.9, 365, 198.3, 2.0, 13.0, 0.0, 165, 37917.0, 1
6219, 39, 8.700000000000001, 374, 211.5, 6.0, 19.0, 4.0, 174, 38091.0, 9
6274, 35, 1.7, 376, 211.8, 2.0, 21.0, -4.0, 176, 38267.0, 2
6330, 27, -7.300000000000001, 372, 205.2, -6.0, 15.0, -8.0, 172, 38439.0, -4
6389, 24, -8.1, 372, 206.4, -9.0, 6.0, -3.0, 172, 38611.0, 0
6443, 24, -7.5, 365, 195.9, -9.0, -3.0, 0.0, 165, 38776.0, -7
6493, 29, -1.4, 372, 208.5, -4.0, -7.0, 5.0, 172, 38948.0, 7
6546, 35, 4.1, 370, 203.4, 2.0, -5.0, 6.0, 170, 39118.0, -2
6601, 40, 8.300000000000001, 366, 198.0, 7.0, 2.0, 5.0, 166, 39284.0, -4
6659, 36, 0.9000000000000004, 374, 211.2, 3.0, 5.0, -4.0, 174, 39458.0, 8
6710, 30, -5.2, 362, 190.8, -3.0, 2.0, -6.0, 162, 39620.0, -12
6766, 28, -5.3, 357, 186.9, -5.0, -3.0, -2.0, 157, 39777.0, -5
6819, 32, 0.7999999999999998, 370, 207.9, -1.0, -4.0, 4.0, 170, 39947.0, 13
6874, 37, 5.7, 361, 190.5, 4.0, 0.0, 5.0, 161, 40108.00000000001, -9
6928, 36, 2.2, 366, 200.7, 3.0, 3.0, -1.0, 166, 40274.0, 5
6982, 37, 4.4, 361, 191.7, 4.0, 7.0, 1.0, 161, 40435.0, -5
7036, 37, 4.300000000000001, 361, 193.2, 4.0, 11.0, 0.0, 161, 40596.00000000001, 0
7091, 37, 4.7, 365, 199.2, 4.0, 15.0, 0.0, 165, 40761.0, 4
7149, 35, 2.3, 365, 198.0, 2.0, 17.0, -2.0, 165, 40926.0, 0
7204, 28, -6.3, 364, 196.5, -5.0, 12.0, -7.0, 164, 41090.0, -1
7258, 26, -6.100000000000001, 357, 186.3, -7.0, 5.0, -2.0, 157, 41247.0, -7
7313, 28, -3.0, 372, 210.9, -5.0, 0.0, 2.0, 172, 41419.00000000001, 15
7368, 30, -1.7, 370, 203.4, -3.0, -3.0, 2.0, 170, 41589.0, -2
7422, 34, 2.6, 366, 198.0, 1.0, -2.0, 4.0, 166, 41755.0, -4
7479, 36, 3.5, 357, 185.7, 3.0, 1.0, 2.0, 157, 41912.0, -9
7533, 33, -1.4, 357, 188.4, 0.0, 1.0, -3.0, 157, 42069.0, 0
7589, 31, -2.7, 374, 213.9, -2.0, -1.0, -2.0, 174, 42243.0, 17
7643, 31, -1.9, 374, 208.8, -2.0, -3.0, 0.0, 174, 42417.0, 0
7697, 35, 3.5, 376, 211.8, 2.0, -1.0, 4.0, 176, 42593.00000000001, 2
7751, 39, 7.300000000000001, 364, 193.2, 6.0, 5.0, 4.0, 164, 42757.00000000001, -12
7804, 36, 1.7, 362, 193.8, 3.0, 8.0, -3.0, 162, 42919.0, -2
7859, 33, -0.7, 365, 198.9, 0.0, 8.0, -3.0, 165, 43084.0, 3
7915, 35, 3.6, 383, 225.0, 2.0, 10.0, 2.0, 183, 43267.0, 18
7972, 35, 2.8, 384, 221.1, 2.0, 12.0, 0.0, 184, 43451.0, 1
8024, 33, 0.2000000000000002, 365, 192.3, 0.0, 12.0, -2.0, 165, 43616.0, -19
8078, 30, -3.0, 361, 192.0, -3.0, 9.0, -3.0, 161, 43777.0, -4
8130, 28, -4.6, 364, 197.7, -5.0, 4.0, -2.0, 164, 43941.0, 3
8184, 29, -2.7, 380, 220.8, -4.0, 0.0, 1.0, 180, 44121.00000000001, 16
8239, 32, 0.6, 391, 232.5, -1.0, -1.0, 3.0, 191, 44312.0, 11
8298, 35, 3.2, 362, 185.7, 2.0, 1.0, 3.0, 162, 44474.0, -29
8352, 37, 4.7, 355, 183.9, 4.0, 5.0, 2.0, 155, 44629.0, -7
8403, 33, -1.5, 357, 189.0, 0.0, 5.0, -4.0, 157, 44786.0, 2
8461, 30, -3.7, 361, 194.4, -3.0, 2.0, -3.0, 161, 44947.0, 4
8512, 29, -3.9, 357, 187.2, -4.0, -2.0, -1.0, 157, 45104.00000000001, -4
8563, 32, 0.3999999999999999, 362, 195.9, -1.0, -3.0, 3.0, 162, 45266.0, 5
8622, 40, 10.0, 355, 183.9, 7.0, 4.0, 8.0, 155, 45421.0, -7
8674, 40, 6.700000000000001, 370, 208.5, 7.0, 11.0, 0.0, 170, 45591.0, 15
8726, 35, 0.4000000000000004, 364, 195.0, 2.0, 13.0, -5.0, 164, 45755.0, -6
8788, 32, -1.1, 357, 186.3, -1.0, 12.0, -3.0, 157, 45912.00000000001, -7
8839, 33, 1.7, 365, 200.4, 0.0, 12.0, 1.0, 165, 46077.0, 8
8890, 30, -3.0, 364, 196.5, -3.0, 9.0, -3.0, 164, 46241.0, -1
8943, 27, -6.000000000000001, 374, 211.8, -6.0, 3.0, -3.0, 174, 46415.00000000001, 10
8997, 28, -3.7, 364, 193.8, -5.0, -2.0, 1.0, 164, 46579.00000000001, -10
9050, 31, -0.5, 380, 220.8, -2.0, -4.0, 3.0, 180, 46759.0, 16
9105, 33, 0.6, 380, 216.0, 0.0, -4.0, 2.0, 180, 46939.0, 0
9161, 34, 1.0, 366, 195.0, 1.0, -3.0, 1.0, 166, 47105.00000000001, -14
9212, 37, 4.800000000000001, 353, 179.7, 4.0, 1.0, 3.0, 153, 47258.0, -13
9263, 37, 3.7, 338, 161.1, 4.0, 5.0, 0.0, 138, 47396.0, -15
9313, 31, -4.3, 347, 179.1, -2.0, 3.0, -6.0, 147, 47543.00000000001, 9
9363, 28, -5.7, 340, 165.9, -5.0, -2.0, -3.0, 140, 47683.0, -7
9418, 30, -1.9, 330, 153.0, -3.0, -5.0, 2.0, 130, 47813.0, -10
9472, 38, 8.0, 321, 142.5, 5.0, 0.0, 8.0, 121, 47934.0, -9
