time, color, angle, distance, speed, color_dev, color_int, color_der, speed_dev, speed_int, speed_der
0, 51, 21.6, 875, 607.5, 18.0, 18.0, 18.0, 675, 675.0, 675.0
58, 51, 14.4, 872, 402.3000000000001, 18.0, 36.0, 0.0, 672, 1347.0, -3
112, 48, 12.6, 863, 395.1000000000001, 15.0, 51.00000000000001, -3.0, 663, 2010.0, -9
163, 55, 24.0, 863, 397.8, 22.0, 73.00000000000001, 7.0, 663, 2673.0, 0
219, 53, 20.3, 879, 412.2, 20.0, 93.00000000000001, -2.0, 679, 3352.0, 16
271, 49, 18.5, 872, 401.1, 16.0, 109.0, -4.0, 672, 4024.0, -7
327, 45, 17.3, 871, 402.3, 12.0, 121.0, -4.0, 671, 4695.0, -1
381, 39, 13.3, 871, 402.6, 6.0, 127.0, -6.0, 671, 5366.000000000001, 0
431, 32, 8.500000000000002, 875, 406.2, -1.0, 126.0, -7.0, 675, 6041.0, 4
483, 17, -6.1, 855, 387.0, -16.0, 110.0, -15.0, 655, 6696.000000000002, -20
540, 9, -9.799999999999999, 855, 393.0, -24.0, 86.0, -8.0, 655, 7351.000000000001, 0
592, 5, -13.0, 839, 378.6, -28.0, 58.00000000000001, -4.0, 639, 7990.000000000001, -16
642, 5, -13.8, 847, 390.6, -28.0, 30.0, 0.0, 647, 8637.0, 8
699, 5, -16.6, 841, 382.7999999999999, -28.0, 2.0, 0.0, 641, 9278.0, -6
749, 5, -19.4, 923, 458.4000000000001, -28.0, -26.0, 0.0, 723, 10001.0, 82
806, 6, -21.0, 810, 332.1, -27.0, -53.00000000000001, 1.0, 610, 10611.0, -113
859, 8, -21.8, 816, 371.4, -25.0, -78.00000000000001, 2.0, 616, 11227.0, 6
917, 25, -4.899999999999999, 2550, 1930.2, -8.0, -86.0, 17.0, 2350, 13577.0, 1734
968, 50, 15.8, 817, -149.7, 17.0, -69.0, 25.0, 617, 14194.0, -1733
1018, 59, 15.8, 808, 362.1, 26.0, -43.0, 9.0, 608, 14802.0, -9
1069, 61, 16.3, 804, 361.2, 28.0, -15.0, 2.0, 604, 15406.0, -4
1128, 57, 13.3, 810, 367.8, 24.0, 9.0, -4.0, 610, 16016.0, 6
1184, 53, 12.9, 804, 360.6, 20.0, 29.0, -4.0, 604, 16620.0, -6
1238, 47, 9.699999999999999, 804, 362.4, 14.0, 43.0, -6.0, 604, 17224.0, 0
1289, 38, 3.300000000000001, 2550, 1933.8, 5.0, 48.00000000000001, -9.0, 2350, 19574.0, 1746
1345, 28, -3.7, 782, -181.2, -5.0, 43.0, -10.0, 582, 20156.0, -1768
1398, 24, -3.999999999999999, 773, 341.1, -9.0, 34.0, -4.0, 573, 20729.0, -9
1449, 30, 4.300000000000001, 765, 336.6, -3.0, 31.0, 6.0, 565, 21294.0, -8
1508, 35, 7.0, 765, 339.0, 2.0, 33.0, 5.0, 565, 21859.0, 0
1562, 43, 14.3, 765, 339.0, 10.0, 43.0, 8.0, 565, 22424.0, 0
1617, 40, 7.699999999999999, 765, 339.0, 7.0, 50.0, -3.0, 565, 22989.0, 0
1671, 24, -9.299999999999999, 754, 329.1, -9.0, 41.00000000000001, -16.0, 554, 23543.0, -11
1721, 15, -13.0, 754, 332.4, -18.0, 23.0, -9.0, 554, 24097.0, 0
1772, 11, -15.1, 754, 332.4, -22.0, 1.0, -4.0, 554, 24651.0, 0
1825, 11, -15.3, 754, 332.4, -22.0, -21.0, 0.0, 554, 25205.0, 0
1876, 15, -12.7, 754, 332.4, -18.0, -39.0, 4.0, 554, 25759.0, 0
1930, 22, -8.1, 754, 332.4, -11.0, -50.0, 7.0, 554, 26313.0, 0
1983, 36, 4.1, 754, 332.4, 3.0, -47.0, 14.0, 554, 26867.0, 0
2040, 48, 11.8, 754, 332.4, 15.0, -32.0, 12.0, 554, 27421.0, 0
2090, 51, 10.9, 754, 332.4, 18.0, -14.0, 3.0, 554, 27975.0, 0
2142, 60, 22.0, 754, 332.4, 27.0, 13.0, 9.0, 554, 28529.0, 0
2197, 61, 21.4, 754, 332.4, 28.0, 41.00000000000001, 1.0, 554, 29083.0, 0
2252, 48, 8.100000000000001, 730, 310.8, 15.0, 56.00000000000001, -13.0, 530, 29613.0, -24
2303, 34, -0.7000000000000002, 710, 300.0, 1.0, 57.0, -14.0, 510, 30123.0, -20
2360, 20, -10.4, 710, 306.0, -13.0, 44.0, -14.0, 510, 30633.0, 0
2413, 13, -13.1, 326, -39.59999999999999, -20.0, 24.0, -7.0, 126, 30759.0, -384
2468, 11, -14.0, 326, 75.6, -22.0, 2.0, -2.0, 126, 30885.0, 0
2525, 14, -11.6, 730, 439.2, -19.0, -17.0, 3.0, 530, 31415.0, 404
2578, 27, 0.5999999999999996, 730, 318.0, -6.0, -23.0, 13.0, 530, 31945.0, 0
2634, 54, 25.9, 720, 309.0, 21.0, -2.0, 27.0, 520, 32465.0, -10
2691, 43, 1.3, 726, 317.4, 10.0, 8.0, -11.0, 526, 32991.0, 6
2742, 48, 13.8, 730, 319.2, 15.0, 23.0, 5.0, 530, 33521.0, 4
2792, 45, 9.199999999999999, 718, 307.2, 12.0, 35.0, -3.0, 518, 34039.0, -12
2846, 43, 9.5, 721, 313.4999999999999, 10.0, 45.0, -2.0, 521, 34560.0, 3
2898, 40, 7.9, 726, 317.1, 7.0, 52.0, -3.0, 526, 35086.0, 5
2949, 32, 0.5000000000000009, 736, 324.6, -1.0, 51.00000000000001, -8.0, 536, 35622.0, 10
3007, 24, -5.199999999999999, 736, 321.6, -9.0, 42.0, -8.0, 536, 36158.0, 0
3060, 17, -10.5, 706, 294.6, -16.0, 26.0, -7.0, 506, 36664.0, -30
3117, 16, -9.799999999999999, 706, 303.6, -17.0, 9.0, -1.0, 506, 37170.0, 0
3170, 20, -6.199999999999999, 713, 309.9, -13.0, -4.0, 4.0, 513, 37683.0, 7
3227, 29, 1.3, 685, 282.6, -4.0, -8.0, 9.0, 485, 38168.0, -28
3281, 43, 13.2, 685, 291.0, 10.0, 2.0, 14.0, 485, 38653.0, 0
3338, 39, 2.399999999999999, 685, 291.0, 6.0, 8.0, -4.0, 485, 39138.0, 0
3400, 40, 6.2, 679, 285.6, 7.0, 15.0, 1.0, 479, 39617.0, -6
3458, 30, -5.6, 321, -34.8, -3.0, 12.0, -10.0, 121, 39738.0, -358
3512, 28, -3.3, 658, 375.9, -5.0, 7.0, -2.0, 458, 40196.00000000001, 337
3569, 31, 0.8, 666, 281.9999999999999, -2.0, 5.0, 3.0, 466, 40662.0, 8
3624, 33, 1.5, 653, 267.9, 0.0, 5.0, 2.0, 453, 41115.0, -13
3677, 37, 5.3, 677, 293.4, 4.0, 9.0, 4.0, 477, 41592.0, 24
3729, 35, 1.3, 654, 265.5, 2.0, 11.0, -2.0, 454, 42046.0, -23
3783, 33, 0.1000000000000001, 662, 279.6, 0.0, 11.0, -2.0, 462, 42508.0, 8
3838, 34, 2.3, 651, 267.3, 1.0, 12.0, 1.0, 451, 42959.0, -11
3897, 41, 10.3, 641, 261.6, 8.0, 20.0, 7.0, 441, 43400.0, -10
3951, 41, 7.6, 639, 262.8, 8.0, 28.0, 0.0, 439, 43839.00000000001, -2
4012, 37, 3.6, 630, 255.3, 4.0, 32.0, -4.0, 430, 44269.0, -9
4066, 32, 0.0, 626, 254.4, -1.0, 31.0, -5.0, 426, 44695.0, -4
4124, 27, -3.6, 643, 270.9000000000001, -6.0, 25.0, -5.0, 443, 45138.0, 17
4176, 25, -4.1, 639, 262.2, -8.0, 17.0, -2.0, 439, 45577.00000000001, -4
4230, 24, -5.1, 639, 263.4, -9.0, 8.0, -1.0, 439, 46016.0, 0
4286, 26, -3.100000000000001, 634, 258.9, -7.0, 1.0, 2.0, 434, 46450.0, -5
4341, 28, -2.4, 630, 256.8, -5.0, -4.0, 2.0, 430, 46880.00000000001, -4
4397, 29, -2.7, 630, 258.0, -4.0, -8.0, 1.0, 430, 47310.0, 0
4452, 29, -3.6, 649, 275.1, -4.0, -12.0, 0.0, 449, 47759.0, 19
4506, 33, 0.7999999999999998, 635, 256.8, 0.0, -12.0, 4.0, 435, 48194.0, -14
4561, 39, 6.0, 617, 244.8, 6.0, -6.0, 6.0, 417, 48611.0, -18
4615, 42, 7.199999999999999, 617, 250.2, 9.0, 3.0, 3.0, 417, 49028.0, 0
4670, 42, 6.6, 616, 249.3, 9.0, 12.0, 0.0, 416, 49444.0, -1
4720, 41, 6.3, 616, 249.6, 8.0, 20.0, -1.0, 416, 49860.00000000001, 0
4772, 36, 1.6, 618, 251.4, 3.0, 23.0, -5.0, 418, 50278.0, 2
4826, 28, -5.2, 616, 249.0, -5.0, 18.0, -8.0, 416, 50694.0, -2
4877, 26, -4.1, 605, 239.7, -7.0, 11.0, -2.0, 405, 51099.00000000001, -11
4930, 29, -0.1999999999999997, 607, 244.8, -4.0, 7.0, 3.0, 407, 51506.0, 2
4987, 30, -0.9, 603, 240.6, -3.0, 4.0, 1.0, 403, 51909.0, -4
5043, 28, -4.1, 624, 260.7, -5.0, -1.0, -2.0, 424, 52333.0, 21
5098, 28, -3.6, 597, 230.1, -5.0, -6.0, 0.0, 397, 52730.00000000001, -27
5152, 29, -2.9, 597, 238.2, -4.0, -10.0, 1.0, 397, 53127.0, 0
5208, 36, 4.6, 609, 249.0, 3.0, -7.0, 7.0, 409, 53536.0, 12
5262, 38, 3.8, 614, 249.9, 5.0, -2.0, 2.0, 414, 53950.0, 5
5317, 37, 2.1, 605, 240.3, 4.0, 2.0, -1.0, 405, 54355.0, -9
5377, 37, 3.0, 603, 241.2, 4.0, 6.0, 0.0, 403, 54758.0, -2
5431, 37, 3.4, 598, 237.3, 4.0, 10.0, 0.0, 398, 55156.0, -5
5487, 35, 1.4, 609, 248.7, 2.0, 12.0, -2.0, 409, 55565.00000000001, 11
5539, 30, -3.4, 598, 235.5, -3.0, 9.0, -5.0, 398, 55963.0, -11
5589, 29, -2.4, 598, 238.8, -4.0, 5.0, -1.0, 398, 56361.0, 0
5641, 32, 1.3, 582, 224.4, -1.0, 4.0, 3.0, 382, 56743.00000000001, -16
5691, 34, 2.1, 605, 249.9, 1.0, 5.0, 2.0, 405, 57148.0, 23
5747, 31, -2.4, 590, 229.5, -2.0, 3.0, -3.0, 390, 57538.0, -15
5802, 29, -3.5, 614, 255.6, -4.0, -1.0, -2.0, 414, 57952.0, 24
5857, 29, -2.9, 590, 226.8, -4.0, -5.0, 0.0, 390, 58342.0, -24
5915, 36, 5.1, 605, 247.5, 3.0, -2.0, 7.0, 405, 58747.00000000001, 15
5970, 41, 7.9, 590, 229.5, 8.0, 6.0, 5.0, 390, 59137.0, -15
6021, 41, 6.2, 595, 238.5, 8.0, 14.0, 0.0, 395, 59532.00000000001, 5
6080, 37, 2.2, 599, 240.6, 4.0, 18.0, -4.0, 399, 59931.0, 4
6130, 34, 1.0, 595, 235.8, 1.0, 19.0, -3.0, 395, 60326.0, -4
6182, 33, 1.4, 595, 237.0, 0.0, 19.0, -1.0, 395, 60721.00000000001, 0
6238, 30, -1.7, 580, 223.5, -3.0, 16.0, -3.0, 380, 61101.0, -15
6289, 28, -2.9, 586, 233.4, -5.0, 11.0, -2.0, 386, 61487.00000000001, 6
6347, 26, -4.800000000000001, 574, 220.8, -7.0, 4.0, -2.0, 374, 61861.00000000001, -12
6407, 28, -2.1, 591, 239.7, -5.0, -1.0, 2.0, 391, 62252.0, 17
6457, 30, -1.2, 590, 233.7, -3.0, -4.0, 2.0, 390, 62642.00000000001, -1
6507, 28, -4.9, 599, 242.1, -5.0, -9.0, -2.0, 399, 63041.0, 9
6562, 29, -3.2, 595, 235.8, -4.0, -13.0, 1.0, 395, 63436.0, -4
6616, 31, -1.7, 580, 223.5, -2.0, -15.0, 2.0, 380, 63816.00000000001, -15
6670, 36, 3.1, 588, 235.2, 3.0, -12.0, 5.0, 388, 64204.0, 8
6720, 41, 6.899999999999999, 578, 223.8, 8.0, -4.0, 5.0, 378, 64582.00000000001, -10
6776, 44, 8.800000000000001, 576, 225.0, 11.0, 7.0, 3.0, 376, 64958.0, -2
6833, 44, 8.4, 581, 230.1, 11.0, 18.0, 0.0, 381, 65339.0, 5
6891, 42, 7.1, 582, 229.5, 9.0, 27.0, -2.0, 382, 65721.00000000001, 1
6943, 36, 1.8, 591, 237.3, 3.0, 30.0, -6.0, 391, 66112.0, 9
6994, 26, -6.9, 574, 219.3, -7.0, 23.0, -10.0, 374, 66486.0, -17
7053, 22, -7.399999999999999, 578, 228.0, -11.0, 12.0, -4.0, 378, 66864.0, 4
7113, 26, -1.7, 567, 216.9, -7.0, 5.0, 4.0, 367, 67231.00000000001, -11
7167, 31, 1.6, 573, 225.6, -2.0, 3.0, 5.0, 373, 67604.00000000001, 6
7227, 30, -2.3, 573, 223.8, -3.0, 0.0, -1.0, 373, 67977.00000000001, 0
7277, 27, -5.699999999999999, 559, 211.2, -6.0, -6.0, -3.0, 359, 68336.00000000001, -14
7332, 26, -6.0, 455, 121.8, -7.0, -13.0, -1.0, 255, 68591.00000000001, -104
7386, 26, -6.2, 462, 159.3, -7.0, -20.0, 0.0, 262, 68853.0, 7
7441, 35, 3.9, 464, 159.0, 2.0, -18.0, 9.0, 264, 69117.00000000001, 2
7496, 41, 6.8, 598, 279.0, 8.0, -10.0, 6.0, 398, 69515.0, 134
7550, 42, 5.8, 598, 238.8, 9.0, -1.0, 1.0, 398, 69913.00000000001, 0
7604, 41, 5.0, 603, 243.3, 8.0, 7.0, -1.0, 403, 70316.0, 5
7667, 41, 6.3, 597, 236.4, 8.0, 15.0, 0.0, 397, 70713.0, -6
7717, 44, 10.7, 499, 150.0, 11.0, 26.0, 3.0, 299, 71012.0, -98
7771, 39, 4.3, 321, 19.2, 6.0, 32.0, -5.0, 121, 71133.00000000001, -178
7831, 35, 2.600000000000001, 326, 77.1, 2.0, 34.0, -4.0, 126, 71259.00000000001, 5
7882, 45, 16.8, 321, 71.09999999999999, 12.0, 46.00000000000001, 10.0, 121, 71380.0, -5
7936, 39, 5.800000000000001, 326, 77.1, 6.0, 52.0, -6.0, 126, 71506.00000000001, 5
7989, 30, -1.399999999999999, 326, 75.6, -3.0, 49.0, -9.0, 126, 71632.00000000001, 0
8043, 24, -4.399999999999999, 321, 71.09999999999999, -9.0, 40.0, -6.0, 121, 71753.0, -5
8096, 19, -8.300000000000001, 633, 353.4, -14.0, 26.0, -5.0, 433, 72186.0, 312
8151, 21, -4.799999999999999, 633, 259.8, -12.0, 14.0, 2.0, 433, 72619.00000000001, 0
8207, 21, -6.999999999999999, 645, 270.6, -12.0, 2.0, 0.0, 445, 73064.0, 12
8263, 24, -4.6, 651, 272.4, -9.0, -7.0, 3.0, 451, 73515.00000000001, 6
8319, 26, -4.600000000000001, 680, 296.7, -7.0, -14.0, 2.0, 480, 73995.00000000001, 29
8371, 28, -3.9, 680, 288.0, -5.0, -19.0, 2.0, 480, 74475.00000000001, 0
8425, 31, -1.8, 660, 270.0, -2.0, -21.0, 3.0, 460, 74935.0, -20
8479, 35, 1.3, 164, -170.4, 2.0, -19.0, 4.0, -36, 74899.0, -496
8530, 41, 6.699999999999999, 166, -19.8, 8.0, -11.0, 6.0, -34, 74865.0, 2
8585, 51, 16.5, 181, -6.9, 18.0, 7.0, 10.0, -19, 74846.0, 15
8638, 62, 26.5, 569, 337.8, 29.0, 36.0, 11.0, 369, 75215.00000000001, 388
8694, 53, 13.1, 326, 2.700000000000003, 20.0, 56.00000000000001, -9.0, 126, 75341.0, -243
8748, 47, 12.4, 567, 292.5, 14.0, 70.0, -6.0, 367, 75708.0, 241
