time, color, angle, distance, speed, color_dev, color_int, color_der, speed_dev, speed_int, speed_der
0, 44, 13.2, 909, 850.7999999999999, 11.0, 11.0, 11.0, 709, 709.0, 709.0
51, 44, 8.800000000000001, 887, 611.7000000000001, 11.0, 22.0, 0.0, 687, 1396.0, -22
105, 41, 6.3, 879, 608.7000000000001, 8.0, 30.0, -3.0, 679, 2075.0, -8
155, 33, -1.0, 893, 627.9000000000001, 0.0, 30.0, -8.0, 693, 2768.0, 14
210, 32, 1.8, 902, 634.5000000000002, -1.0, 29.0, -1.0, 702, 3470.000000000001, 9
263, 31, 1.0, 887, 613.8000000000001, -2.0, 27.0, -1.0, 687, 4157.0, -15
321, 31, 1.3, 908, 643.5, -2.0, 25.0, 0.0, 708, 4865.0, 21
375, 29, -1.3, 886, 610.8, -4.0, 21.0, -2.0, 686, 5551.0, -22
427, 26, -4.3, 878, 607.8000000000001, -7.0, 14.0, -3.0, 678, 6229.0, -8
483, 18, -13.1, 861, 589.8, -15.0, -1.0, -8.0, 661, 6890.000000000001, -17
540, 17, -11.8, 849, 580.5, -16.0, -17.0, -1.0, 649, 7539.000000000001, -12
591, 21, -8.1, 839, 572.1, -12.0, -29.0, 4.0, 639, 8178.000000000001, -10
650, 31, 0.7000000000000002, 827, 560.7, -2.0, -31.0, 10.0, 627, 8805.0, -12
710, 36, 1.5, 831, 569.1000000000001, 3.0, -28.0, 5.0, 631, 9436.0, 4
769, 42, 6.499999999999999, 780, 506.7, 9.0, -19.0, 6.0, 580, 10016.0, -51
828, 46, 9.199999999999999, 802, 548.4000000000001, 13.0, -6.0, 4.0, 602, 10618.0, 22
884, 43, 4.9, 802, 541.8000000000001, 10.0, 4.0, -3.0, 602, 11220.0, 0
940, 37, 0.2000000000000002, 766, 498.6000000000001, 4.0, 8.0, -6.0, 566, 11786.0, -36
994, 32, -2.4, 766, 509.4, -1.0, 7.0, -5.0, 566, 12352.0, 0
1051, 31, -1.2, 758, 499.8, -2.0, 5.0, -1.0, 558, 12910.0, -8
1108, 39, 8.699999999999999, 758, 502.2, 6.0, 11.0, 8.0, 558, 13468.0, 0
1163, 39, 5.3, 758, 502.2, 6.0, 17.0, 0.0, 558, 14026.0, 0
1220, 39, 5.9, 734, 473.4000000000001, 6.0, 23.0, 0.0, 534, 14560.0, -24
1275, 35, 1.7, 734, 480.6, 2.0, 25.0, -4.0, 534, 15094.0, 0
1330, 29, -3.3, 713, 455.4, -4.0, 21.0, -6.0, 513, 15607.0, -21
1390, 28, -1.9, 713, 461.7, -5.0, 16.0, -1.0, 513, 16120.0, 0
1447, 26, -4.300000000000001, 721, 471.3, -7.0, 9.0, -2.0, 521, 16641.0, 8
1501, 26, -4.0, 730, 479.7, -7.0, 2.0, 0.0, 530, 17171.0, 9
1553, 29, -1.1, 730, 477.0, -4.0, -2.0, 3.0, 530, 17701.0, 0
1604, 33, 1.8, 705, 447.0, 0.0, -2.0, 4.0, 505, 18206.0, -25
1662, 34, 1.0, 705, 454.5, 1.0, -1.0, 1.0, 505, 18711.0, 0
1716, 34, 0.6, 705, 454.5, 1.0, 0.0, 0.0, 505, 19216.0, 0
1770, 33, -0.5, 705, 454.5, 0.0, 0.0, -1.0, 505, 19721.0, 0
1826, 35, 2.4, 705, 454.5, 2.0, 2.0, 2.0, 505, 20226.0, 0
1880, 38, 5.2, 705, 454.5, 5.0, 7.0, 3.0, 505, 20731.0, 0
1931, 37, 3.0, 654, 393.3, 4.0, 11.0, -1.0, 454, 21185.0, -51
1990, 35, 1.5, 654, 408.6, 2.0, 13.0, -2.0, 454, 21639.0, 0
2045, 32, -0.8999999999999998, 654, 408.6, -1.0, 12.0, -3.0, 454, 22093.0, 0
2099, 33, 1.7, 653, 407.4, 0.0, 12.0, 1.0, 453, 22546.0, -1
2154, 33, 1.2, 653, 407.7, 0.0, 12.0, 0.0, 453, 22999.0, 0
2210, 33, 1.2, 617, 364.5, 0.0, 12.0, 0.0, 417, 23416.0, -36
2271, 32, 1.110223024625157e-16, 582, 333.3, -1.0, 11.0, -1.0, 382, 23798.0, -35
2324, 28, -4.4, 569, 328.2, -5.0, 6.0, -4.0, 369, 24167.0, -13
2379, 28, -2.9, 569, 332.1, -5.0, 1.0, 0.0, 369, 24536.0, 0
2433, 30, -1.0, 544, 302.1, -3.0, -2.0, 2.0, 344, 24880.0, -25
2490, 34, 2.5, 551, 318.0000000000001, 1.0, -1.0, 4.0, 351, 25231.0, 7
2545, 40, 7.800000000000001, 532, 293.1000000000001, 7.0, 6.0, 6.0, 332, 25563.0, -19
2599, 36, 0.6999999999999997, 527, 292.8, 3.0, 9.0, -4.0, 327, 25890.0, -5
2653, 31, -3.0, 511, 275.1, -2.0, 7.0, -5.0, 311, 26201.0, -16
2709, 29, -3.1, 518, 288.3, -4.0, 3.0, -2.0, 318, 26519.0, 7
2764, 35, 4.7, 504, 269.4, 2.0, 5.0, 6.0, 304, 26823.0, -14
2819, 31, -2.9, 511, 282.0000000000001, -2.0, 3.0, -4.0, 311, 27134.0, 7
2874, 37, 6.1, 492, 257.1, 4.0, 7.0, 6.0, 292, 27426.0, -19
2929, 35, 1.1, 500, 272.4, 2.0, 9.0, -2.0, 300, 27726.0, 8
2987, 35, 2.3, 490, 258.0, 2.0, 11.0, 0.0, 290, 28016.0, -10
3044, 31, -2.3, 490, 261.0, -2.0, 9.0, -4.0, 290, 28306.0, 0
3100, 34, 3.1, 496, 268.2, 1.0, 10.0, 3.0, 296, 28602.0, 6
3150, 37, 5.3, 471, 236.4, 4.0, 14.0, 3.0, 271, 28873.0, -25
3207, 34, 0.6000000000000001, 473, 246.3, 1.0, 15.0, -3.0, 273, 29146.0, 2
3262, 31, -1.4, 454, 222.9, -2.0, 13.0, -3.0, 254, 29400.0, -19
3312, 27, -4.899999999999999, 462, 238.2, -6.0, 7.0, -4.0, 262, 29662.0, 8
3363, 29, -1.1, 456, 228.6, -4.0, 3.0, 2.0, 256, 29918.0, -6
3419, 31, -0.1, 439, 210.0, -2.0, 1.0, 2.0, 239, 30157.0, -17
3474, 32, -0.1, 452, 230.7, -1.0, 0.0, 1.0, 252, 30409.0, 13
3524, 30, -3.1, 456, 231.6, -3.0, -3.0, -2.0, 256, 30665.0, 4
3575, 31, -1.2, 460, 235.2, -2.0, -5.0, 1.0, 260, 30925.0, 4
3629, 35, 2.9, 481, 259.2, 2.0, -3.0, 4.0, 281, 31206.0, 21
3683, 36, 2.3, 456, 222.9, 3.0, 0.0, 1.0, 256, 31462.0, -25
3735, 34, -0.3, 464, 240.0, 1.0, 1.0, -2.0, 264, 31726.0, 8
3786, 35, 2.0, 460, 232.8, 2.0, 3.0, 1.0, 260, 31986.0, -4
3839, 34, 0.5, 447, 218.4, 1.0, 4.0, -1.0, 247, 32233.0, -13
3894, 36, 3.5, 443, 217.5, 3.0, 7.0, 2.0, 243, 32476.0, -4
3946, 36, 2.8, 481, 264.3, 3.0, 10.0, 0.0, 281, 32757.0, 38
4002, 33, -0.5, 473, 243.3, 0.0, 10.0, -3.0, 273, 33030.0, -8
4053, 31, -1.4, 464, 234.9, -2.0, 8.0, -2.0, 264, 33294.0, -9
4104, 30, -1.8, 433, 200.4, -3.0, 5.0, -1.0, 233, 33527.0, -31
4159, 33, 2.0, 420, 194.1, 0.0, 5.0, 3.0, 220, 33747.0, -13
4210, 35, 2.9, 429, 208.8, 2.0, 7.0, 2.0, 229, 33976.0, 9
4266, 32, -1.5, 428, 204.9, -1.0, 6.0, -3.0, 228, 34204.0, -1
4327, 34, 2.3, 411, 184.8, 1.0, 7.0, 2.0, 211, 34415.0, -17
4380, 33, 0.2000000000000001, 416, 195.9, 0.0, 7.0, -1.0, 216, 34631.0, 5
4434, 29, -4.1, 429, 210.0, -4.0, 3.0, -4.0, 229, 34860.0, 13
4486, 29, -2.5, 439, 218.1, -4.0, -1.0, 0.0, 239, 35099.0, 10
4541, 33, 1.9, 454, 233.1, 0.0, -1.0, 4.0, 254, 35353.0, 15
4593, 39, 7.1, 464, 240.6, 6.0, 5.0, 6.0, 264, 35617.0, 10
4644, 37, 2.3, 471, 246.0, 4.0, 9.0, -2.0, 271, 35888.0, 7
4696, 33, -1.1, 448, 216.3, 0.0, 9.0, -4.0, 248, 36136.0, -23
4751, 31, -1.5, 326, 76.80000000000001, -2.0, 7.0, -2.0, 126, 36262.0, -122
4803, 33, 1.7, 437, 246.6, 0.0, 7.0, 2.0, 237, 36499.0, 111
4862, 36, 4.3, 452, 231.3, 3.0, 10.0, 3.0, 252, 36751.0, 15
4913, 33, -0.5, 479, 259.2, 0.0, 10.0, -3.0, 279, 37030.0, 27
4968, 41, 10.6, 420, 180.3, 8.0, 18.0, 8.0, 220, 37250.0, -59
5022, 43, 9.800000000000001, 420, 198.0, 10.0, 28.0, 2.0, 220, 37470.0, 0
5073, 47, 14.6, 425, 204.0, 14.0, 42.0, 4.0, 225, 37695.0, 5
5132, 48, 15.2, 433, 212.1, 15.0, 57.0, 1.0, 233, 37928.0, 8
5190, 34, -0.5999999999999996, 429, 204.9, 1.0, 58.00000000000001, -14.0, 229, 38157.0, -4
5249, 30, 1.7, 425, 201.3, -3.0, 55.0, -4.0, 225, 38382.0, -4
5307, 20, -8.6, 411, 185.7, -13.0, 42.0, -10.0, 211, 38593.0, -14
5361, 23, -1.3, 427, 209.1, -10.0, 32.0, 3.0, 227, 38820.0, 16
5416, 27, 1.0, 433, 211.5, -6.0, 26.0, 4.0, 233, 39053.0, 6
5470, 28, -0.3999999999999999, 448, 227.7, -5.0, 21.0, 1.0, 248, 39301.0, 15
5524, 28, -1.4, 446, 220.8, -5.0, 16.0, 0.0, 246, 39547.0, -2
5580, 23, -7.9, 429, 201.0, -10.0, 6.0, -5.0, 229, 39776.0, -17
5631, 23, -6.4, 411, 184.5, -10.0, -4.0, 0.0, 211, 39987.0, -18
5685, 28, -1.4, 437, 221.1, -5.0, -9.0, 5.0, 237, 40224.0, 26
5740, 29, -3.2, 441, 218.1, -4.0, -13.0, 1.0, 241, 40465.0, 4
5798, 33, 0.7, 443, 219.3, 0.0, -13.0, 4.0, 243, 40708.0, 2
5852, 40, 7.1, 427, 199.5, 7.0, -6.0, 7.0, 227, 40935.00000000001, -16
5911, 39, 3.1, 412, 186.3, 6.0, 0.0, -1.0, 212, 41147.0, -15
5970, 31, -5.4, 412, 190.8, -2.0, -2.0, -8.0, 212, 41359.0, 0
6021, 29, -4.0, 420, 200.4, -4.0, -6.0, -2.0, 220, 41579.00000000001, 8
6072, 32, 0.2, 418, 195.6, -1.0, -7.0, 3.0, 218, 41797.0, -2
6129, 36, 3.4, 420, 198.6, 3.0, -4.0, 4.0, 220, 42017.0, 2
6188, 38, 4.1, 428, 207.6, 5.0, 1.0, 2.0, 228, 42245.0, 8
6239, 37, 2.4, 418, 193.2, 4.0, 5.0, -1.0, 218, 42463.00000000001, -10
6294, 35, 0.9, 420, 198.6, 2.0, 7.0, -2.0, 220, 42683.0, 2
6349, 35, 2.1, 420, 198.0, 2.0, 9.0, 0.0, 220, 42903.0, 0
6400, 35, 2.3, 433, 213.6, 2.0, 11.0, 0.0, 233, 43136.0, 13
6451, 36, 3.7, 435, 212.1, 3.0, 14.0, 1.0, 235, 43371.0, 2
6506, 33, -0.1, 443, 221.1, 0.0, 14.0, -3.0, 243, 43614.00000000001, 8
6560, 29, -3.4, 428, 200.7, -4.0, 10.0, -4.0, 228, 43842.0, -15
6615, 28, -3.0, 439, 218.4, -5.0, 5.0, -1.0, 239, 44081.0, 11
6669, 30, -0.5999999999999998, 439, 215.1, -3.0, 2.0, 2.0, 239, 44320.0, 0
6720, 35, 4.1, 433, 207.9, 2.0, 4.0, 5.0, 233, 44553.0, -6
6771, 38, 5.4, 420, 194.1, 5.0, 9.0, 3.0, 220, 44773.00000000001, -13
6822, 36, 2.0, 411, 187.2, 3.0, 12.0, -2.0, 211, 44984.0, -9
6874, 28, -6.3, 410, 188.7, -5.0, 7.0, -8.0, 210, 45194.0, -1
6929, 26, -5.2, 412, 191.4, -7.0, 0.0, -2.0, 212, 45406.0, 2
6982, 28, -2.5, 416, 195.6, -5.0, -5.0, 2.0, 216, 45622.0, 4
7041, 32, 0.7999999999999998, 412, 189.6, -1.0, -6.0, 4.0, 212, 45834.0, -4
7096, 37, 4.699999999999999, 412, 190.8, 4.0, -2.0, 5.0, 212, 46046.0, 0
7153, 35, 0.2, 429, 211.2, 2.0, 0.0, -2.0, 229, 46275.0, 17
7220, 30, -4.6, 427, 203.7, -3.0, -3.0, -5.0, 227, 46502.0, -2
7271, 31, -1.2, 428, 205.5, -2.0, -5.0, 1.0, 228, 46730.0, 1
7325, 41, 10.1, 429, 206.4, 8.0, 3.0, 10.0, 229, 46959.0, 1
7380, 40, 4.7, 420, 195.3, 7.0, 10.0, -1.0, 220, 47179.0, -9
7433, 33, -2.5, 429, 208.8, 0.0, 10.0, -7.0, 229, 47408.0, 9
7490, 31, -1.4, 443, 222.9, -2.0, 8.0, -2.0, 243, 47651.0, 14
7545, 32, 0.6000000000000001, 499, 285.9, -1.0, 7.0, 1.0, 299, 47950.0, 56
7595, 33, 1.2, 418, 171.9, 0.0, 7.0, 1.0, 218, 48168.00000000001, -81
7649, 32, -0.4999999999999999, 392, 165.0, -1.0, 6.0, -1.0, 192, 48360.0, -26
7703, 33, 1.1, 410, 194.4, 0.0, 6.0, 1.0, 210, 48570.0, 18
7758, 38, 6.6, 403, 180.6, 5.0, 11.0, 5.0, 203, 48773.0, -7
7809, 33, -1.4, 410, 191.1, 0.0, 11.0, -5.0, 210, 48983.0, 7
7865, 35, 3.5, 412, 191.4, 2.0, 13.0, 2.0, 212, 49195.0, 2
7923, 39, 7.5, 412, 190.8, 6.0, 19.0, 4.0, 212, 49407.00000000001, 0
7973, 37, 3.7, 425, 206.4, 4.0, 23.0, -2.0, 225, 49632.00000000001, 13
8023, 31, -2.1, 429, 207.3, -2.0, 21.0, -6.0, 229, 49861.0, 4
8079, 28, -2.9, 428, 204.9, -5.0, 16.0, -3.0, 228, 50089.00000000001, -1
8136, 30, 0.5000000000000002, 433, 211.2, -3.0, 13.0, 2.0, 233, 50322.0, 5
8191, 35, 5.2, 439, 216.9, 2.0, 15.0, 5.0, 239, 50561.0, 6
8244, 34, 1.7, 420, 192.3, 1.0, 16.0, -1.0, 220, 50781.0, -19
8301, 33, 1.1, 411, 187.2, 0.0, 16.0, -1.0, 211, 50992.00000000001, -9
8355, 31, -0.7999999999999998, 420, 200.7, -2.0, 14.0, -2.0, 220, 51212.0, 9
8410, 32, 1.2, 441, 223.2, -1.0, 13.0, 1.0, 241, 51453.00000000001, 21
8461, 29, -3.0, 429, 202.5, -4.0, 9.0, -3.0, 229, 51682.00000000001, -12
8512, 28, -3.1, 403, 174.9, -5.0, 4.0, -1.0, 203, 51885.0, -26
8569, 31, 0.5, 408, 188.7, -2.0, 2.0, 3.0, 208, 52093.0, 5
8623, 31, -1.2, 408, 187.2, -2.0, 0.0, 0.0, 208, 52301.0, 0
8679, 31, -1.4, 420, 201.6, -2.0, -2.0, 0.0, 220, 52521.0, 12
8733, 33, 0.8, 416, 193.2, 0.0, -2.0, 2.0, 216, 52737.0, -4
8790, 34, 1.0, 420, 199.2, 1.0, -1.0, 1.0, 220, 52957.0, 4
8841, 38, 5.4, 416, 193.2, 5.0, 4.0, 4.0, 216, 53173.0, -4
8895, 39, 5.1, 420, 199.2, 6.0, 10.0, 1.0, 220, 53393.00000000001, 4
8948, 33, -2.0, 427, 206.4, 0.0, 10.0, -6.0, 227, 53620.0, 7
8999, 30, -2.6, 435, 213.9, -3.0, 7.0, -3.0, 235, 53855.0, 8
9053, 29, -2.6, 429, 204.3, -4.0, 3.0, -1.0, 229, 54084.0, -6
9111, 32, 1.1, 448, 228.9, -1.0, 2.0, 3.0, 248, 54332.0, 19
9169, 33, 0.7, 448, 223.2, 0.0, 2.0, 1.0, 248, 54580.0, 0
9219, 34, 1.4, 392, 156.0, 1.0, 3.0, 1.0, 192, 54772.0, -56
9279, 38, 5.8, 365, 140.4, 5.0, 8.0, 4.0, 165, 54937.0, -27
9332, 40, 6.7, 383, 170.1, 7.0, 15.0, 2.0, 183, 55120.0, 18
9388, 40, 6.4, 372, 151.5, 7.0, 22.0, 0.0, 172, 55292.0, -11
9442, 33, -1.3, 365, 146.4, 0.0, 22.0, -7.0, 165, 55457.0, -7
