time, color, angle, distance, speed, color_dev, color_int, color_der, speed_dev, speed_int, speed_der
0, 41, 11.2, 869, 1003.5, 8.0, 8.0, 8.0, 669, 669.0, 669.0
51, 42, 9.4, 872, 807.3, 9.0, 17.0, 1.0, 672, 1341.0, 3
102, 41, 8.4, 883, 822.8999999999999, 8.0, 25.0, -1.0, 683, 2024.0, 11
152, 35, 1.300000000000001, 869, 798.5999999999999, 2.0, 27.0, -6.0, 669, 2693.0, -14
204, 37, 7.300000000000001, 878, 816.3, 4.0, 31.0, 2.0, 678, 3371.0, 9
261, 35, 3.9, 871, 803.0999999999999, 2.0, 33.0, -2.0, 671, 4042.000000000001, -7
322, 37, 7.9, 857, 784.2, 4.0, 37.0, 2.0, 657, 4699.000000000001, -14
380, 33, 1.7, 848, 774.9, 0.0, 37.0, -4.0, 648, 5347.0, -9
434, 27, -4.700000000000001, 839, 764.0999999999999, -6.0, 31.0, -6.0, 639, 5986.000000000001, -9
485, 21, -10.7, 831, 754.8, -12.0, 19.0, -6.0, 631, 6617.000000000001, -8
542, 17, -14.5, 826, 749.7, -16.0, 3.0, -4.0, 626, 7243.000000000001, -5
594, 19, -11.3, 810, 727.2, -14.0, -11.0, 2.0, 610, 7853.000000000001, -16
652, 27, -2.500000000000001, 810, 732.0, -6.0, -17.0, 8.0, 610, 8462.999999999999, 0
704, 38, 8.300000000000001, 765, 664.5, 5.0, -12.0, 11.0, 565, 9028.0, -45
755, 42, 8.9, 802, 733.5, 9.0, -3.0, 4.0, 602, 9630.000000000001, 37
813, 45, 12.0, 773, 678.9, 12.0, 9.0, 3.0, 573, 10203.0, -29
870, 43, 8.9, 766, 677.0999999999999, 10.0, 19.0, -2.0, 566, 10769.0, -7
925, 36, 1.100000000000001, 766, 679.2, 3.0, 22.0, -7.0, 566, 11335.0, 0
980, 29, -4.9, 766, 679.2, -4.0, 18.0, -7.0, 566, 11901.0, 0
1034, 20, -14.4, 766, 679.2, -13.0, 5.0, -9.0, 566, 12467.0, 0
1087, 20, -11.2, 766, 679.2, -13.0, -8.0, 0.0, 566, 13033.0, 0
1142, 27, -2.700000000000001, 766, 679.2, -6.0, -14.0, 7.0, 566, 13599.0, 0
1195, 35, 4.4, 766, 679.2, 2.0, -12.0, 8.0, 566, 14165.0, 0
1250, 43, 11.8, 766, 679.2, 10.0, -2.0, 8.0, 566, 14731.0, 0
1303, 42, 7.4, 766, 679.2, 9.0, 7.0, -1.0, 566, 15297.0, 0
1361, 40, 6.000000000000001, 766, 679.2, 7.0, 14.0, -2.0, 566, 15863.0, 0
1416, 38, 4.9, 721, 611.6999999999999, 5.0, 19.0, -2.0, 521, 16384.0, -45
1471, 31, -3.4, 721, 625.2, -2.0, 17.0, -7.0, 521, 16905.0, 0
1525, 23, -11.3, 721, 625.2, -10.0, 7.0, -8.0, 521, 17426.0, 0
1582, 22, -9.700000000000001, 721, 625.2, -11.0, -4.0, -1.0, 521, 17947.0, 0
1635, 27, -3.300000000000001, 674, 554.7, -6.0, -10.0, 5.0, 474, 18421.0, -47
1691, 34, 3.4, 658, 544.8, 1.0, -9.0, 7.0, 458, 18879.0, -16
1744, 42, 11.2, 670, 567.6, 9.0, 0.0, 8.0, 470, 19349.0, 12
1799, 44, 10.9, 649, 532.5, 11.0, 11.0, 2.0, 449, 19798.0, -21
1854, 39, 4.000000000000001, 653, 544.8, 6.0, 17.0, -5.0, 453, 20251.0, 4
1905, 34, 0.1000000000000001, 653, 543.6, 1.0, 18.0, -5.0, 453, 20704.0, 0
1961, 28, -5.7, 649, 537.5999999999999, -5.0, 13.0, -6.0, 449, 21153.0, -4
2025, 25, -7.4, 609, 478.7999999999999, -8.0, 5.0, -3.0, 409, 21562.0, -40
2079, 27, -3.9, 582, 450.2999999999999, -6.0, -1.0, 2.0, 382, 21944.0, -27
2132, 33, 2.9, 582, 458.4, 0.0, -1.0, 6.0, 382, 22326.0, 0
2193, 37, 5.5, 574, 446.4, 4.0, 3.0, 4.0, 374, 22700.0, -8
2252, 40, 8.100000000000001, 563, 432.3, 7.0, 10.0, 3.0, 363, 23063.0, -11
2306, 34, -1.1, 427, 231.6, 1.0, 11.0, -6.0, 227, 23290.0, -136
2360, 32, -0.8, 536, 435.9, -1.0, 10.0, -2.0, 336, 23626.0, 109
2413, 29, -4.1, 518, 376.2, -4.0, 6.0, -3.0, 318, 23944.0, -18
2473, 33, 2.6, 397, 200.1, 0.0, 6.0, 4.0, 197, 24141.0, -121
2530, 33, 0.6000000000000001, 491, 377.4, 0.0, 6.0, 0.0, 291, 24432.0, 94
2584, 31, -2.2, 483, 337.2, -2.0, 4.0, -2.0, 283, 24715.0, -8
2642, 30, -2.8, 464, 311.1, -3.0, 1.0, -1.0, 264, 24979.0, -19
2694, 32, 0.2, 447, 291.3, -1.0, 0.0, 2.0, 247, 25226.0, -17
2750, 36, 4.7, 447, 296.4, 3.0, 3.0, 4.0, 247, 25473.0, 0
2807, 41, 10.0, 435, 278.4, 8.0, 11.0, 5.0, 235, 25708.0, -12
2871, 31, -5.7, 448, 301.5, -2.0, 9.0, -10.0, 248, 25956.0, 13
2929, 25, -9.300000000000001, 443, 290.1, -8.0, 1.0, -6.0, 243, 26199.0, -5
2982, 24, -8.5, 435, 279.6, -9.0, -8.0, -1.0, 235, 26434.0, -8
3036, 32, 2.3, 433, 279.0, -1.0, -9.0, 8.0, 233, 26667.0, -2
3093, 42, 12.2, 437, 285.6, 9.0, 0.0, 10.0, 237, 26904.0, 4
3144, 43, 9.5, 428, 270.9, 10.0, 10.0, 1.0, 228, 27132.0, -9
3199, 33, -4.0, 427, 272.1, 0.0, 10.0, -10.0, 227, 27359.0, -1
3253, 24, -11.6, 435, 284.4, -9.0, 1.0, -9.0, 235, 27594.0, 8
3305, 23, -9.4, 452, 307.5, -10.0, -9.0, -1.0, 252, 27846.0, 17
3361, 32, 2.7, 469, 327.9, -1.0, -10.0, 9.0, 269, 28115.0, 17
3419, 38, 6.5, 469, 322.8, 5.0, -5.0, 6.0, 269, 28384.0, 0
3472, 42, 9.600000000000001, 469, 322.8, 9.0, 4.0, 4.0, 269, 28653.0, 0
3529, 44, 11.3, 364, 165.3, 11.0, 15.0, 2.0, 164, 28817.0, -105
3582, 36, 0.2000000000000002, 357, 186.3, 3.0, 18.0, -8.0, 157, 28974.0, -7
3635, 26, -9.5, 340, 162.9, -7.0, 11.0, -10.0, 140, 29114.0, -17
3690, 24, -8.0, 340, 168.0, -9.0, 2.0, -2.0, 140, 29254.0, 0
3743, 25, -6.5, 340, 168.0, -8.0, -6.0, 1.0, 140, 29394.0, 0
3801, 31, 0.5999999999999996, 357, 193.5, -2.0, -8.0, 6.0, 157, 29551.0, 17
3854, 37, 5.800000000000001, 355, 185.4, 4.0, -4.0, 6.0, 155, 29706.0, -2
3912, 44, 13.0, 353, 183.0, 11.0, 7.0, 7.0, 153, 29859.0, -2
3976, 39, 3.600000000000001, 347, 174.6, 6.0, 13.0, -5.0, 147, 30006.0, -6
4030, 33, -1.7, 347, 176.4, 0.0, 13.0, -6.0, 147, 30153.0, 0
4085, 23, -12.7, 353, 185.4, -10.0, 3.0, -10.0, 153, 30306.0, 6
4136, 24, -7.300000000000001, 347, 174.6, -9.0, -6.0, 1.0, 147, 30453.0, -6
4191, 28, -3.1, 355, 188.4, -5.0, -11.0, 4.0, 155, 30608.0, 8
4241, 35, 4.2, 348, 175.5, 2.0, -9.0, 7.0, 148, 30756.0, -7
4295, 37, 3.7, 357, 191.1, 4.0, -5.0, 2.0, 157, 30913.0, 9
4349, 38, 4.5, 366, 201.9, 5.0, 0.0, 1.0, 166, 31079.0, 9
4403, 34, -1.1, 364, 196.2, 1.0, 1.0, -4.0, 164, 31243.0, -2
4461, 33, -0.4, 357, 186.3, 0.0, 1.0, -1.0, 157, 31400.0, -7
4520, 34, 1.5, 357, 188.4, 1.0, 2.0, 1.0, 157, 31557.0, 0
4574, 33, -0.3, 340, 162.9, 0.0, 2.0, -1.0, 140, 31697.0, -17
4624, 31, -2.6, 345, 175.5, -2.0, 0.0, -2.0, 145, 31842.0, 5
4682, 32, -0.4, 345, 174.0, -1.0, -1.0, 1.0, 145, 31987.0, 0
4743, 30, -3.8, 336, 160.5, -3.0, -4.0, -2.0, 136, 32123.0, -9
4802, 33, 1.1, 329, 152.7, 0.0, -4.0, 3.0, 129, 32252.0, -7
4853, 33, -0.4, 347, 181.8, 0.0, -4.0, 0.0, 147, 32399.0, 18
4905, 33, -0.4, 349, 179.4, 0.0, -4.0, 0.0, 149, 32548.0, 2
4958, 35, 2.4, 340, 165.3, 2.0, -2.0, 2.0, 140, 32688.0, -9
5011, 38, 5.8, 345, 175.5, 5.0, 3.0, 3.0, 145, 32833.0, 5
5063, 37, 3.4, 340, 166.5, 4.0, 7.0, -1.0, 140, 32973.0, -5
5119, 33, -1.3, 349, 181.5, 0.0, 7.0, -4.0, 149, 33122.0, 9
5173, 28, -6.3, 347, 175.8, -5.0, 2.0, -5.0, 147, 33269.0, -2
5234, 28, -4.3, 347, 176.4, -5.0, -3.0, 0.0, 147, 33416.0, 0
5290, 34, 3.6, 348, 177.9, 1.0, -2.0, 6.0, 148, 33564.0, 1
5345, 37, 4.9, 348, 177.6, 4.0, 2.0, 3.0, 148, 33712.0, 0
5400, 36, 2.4, 348, 177.6, 3.0, 5.0, -1.0, 148, 33860.0, 0
5462, 32, -2.4, 348, 177.6, -1.0, 4.0, -4.0, 148, 34008.0, 0
5521, 29, -4.7, 348, 177.6, -4.0, 0.0, -3.0, 148, 34156.0, 0
5572, 30, -2.2, 353, 185.1, -3.0, -3.0, 1.0, 153, 34309.0, 5
5631, 29, -4.4, 357, 189.6, -4.0, -7.0, -1.0, 157, 34466.0, 4
5690, 32, -0.1000000000000001, 370, 207.9, -1.0, -8.0, 3.0, 170, 34636.0, 13
5745, 37, 5.300000000000001, 347, 169.5, 4.0, -4.0, 5.0, 147, 34783.0, -23
5799, 39, 6.000000000000001, 357, 191.4, 6.0, 2.0, 2.0, 157, 34940.0, 10
5852, 38, 4.2, 349, 176.4, 5.0, 7.0, -1.0, 149, 35089.0, -8
5909, 32, -3.2, 347, 175.8, -1.0, 6.0, -6.0, 147, 35236.0, -2
5964, 33, 1.1, 355, 188.4, 0.0, 6.0, 1.0, 155, 35391.0, 8
6020, 34, 2.0, 353, 183.0, 1.0, 7.0, 1.0, 153, 35544.0, -2
6075, 35, 3.0, 349, 177.6, 2.0, 9.0, 1.0, 149, 35693.0, -4
6132, 35, 2.7, 349, 178.8, 2.0, 11.0, 0.0, 149, 35842.0, 0
6188, 31, -2.7, 349, 178.8, -2.0, 9.0, -4.0, 149, 35991.0, 0
6244, 30, -2.3, 349, 178.8, -3.0, 6.0, -1.0, 149, 36140.0, 0
6300, 32, 0.7, 349, 178.8, -1.0, 5.0, 2.0, 149, 36289.0, 0
6353, 32, -0.4, 340, 165.3, -1.0, 4.0, 0.0, 140, 36429.0, -9
6409, 31, -1.9, 357, 193.5, -2.0, 2.0, -1.0, 157, 36586.0, 17
6463, 31, -1.6, 345, 170.4, -2.0, 0.0, 0.0, 145, 36731.0, -12
6517, 32, -0.4, 340, 166.5, -1.0, -1.0, 1.0, 140, 36871.0, -5
6571, 35, 3.2, 340, 168.0, 2.0, 1.0, 3.0, 140, 37011.0, 0
6629, 34, 0.5, 340, 168.0, 1.0, 2.0, -1.0, 140, 37151.0, 0
6686, 31, -3.1, 353, 187.5, -2.0, 0.0, -3.0, 153, 37304.0, 13
6742, 30, -3.2, 361, 195.6, -3.0, -3.0, -1.0, 161, 37465.0, 8
6799, 31, -1.6, 366, 200.7, -2.0, -5.0, 1.0, 166, 37631.0, 5
6853, 37, 6.1, 347, 170.7, 4.0, -1.0, 6.0, 147, 37778.0, -19
6910, 39, 6.300000000000001, 347, 176.4, 6.0, 5.0, 2.0, 147, 37925.0, 0
6964, 35, 0.3000000000000003, 349, 179.4, 2.0, 7.0, -4.0, 149, 38074.0, 2
7019, 29, -5.9, 345, 172.8, -4.0, 3.0, -6.0, 145, 38219.0, -4
7073, 28, -4.7, 347, 177.0, -5.0, -2.0, -1.0, 147, 38366.0, 2
7130, 31, -0.5, 338, 162.9, -2.0, -4.0, 3.0, 138, 38504.0, -9
7184, 33, 0.6, 347, 179.1, 0.0, -4.0, 2.0, 147, 38651.0, 9
7240, 36, 3.8, 376, 219.9, 3.0, -1.0, 3.0, 176, 38827.0, 29
7293, 39, 6.800000000000001, 361, 188.7, 6.0, 5.0, 3.0, 161, 38988.0, -15
7352, 37, 3.100000000000001, 357, 187.2, 4.0, 9.0, -2.0, 157, 39145.0, -4
7410, 34, 0.3, 357, 188.4, 1.0, 10.0, -3.0, 157, 39302.0, 0
7463, 31, -2.3, 349, 176.4, -2.0, 8.0, -3.0, 149, 39451.0, -8
7520, 28, -5.2, 347, 175.8, -5.0, 3.0, -3.0, 147, 39598.0, -2
7574, 30, -1.4, 353, 185.4, -3.0, 0.0, 2.0, 153, 39751.0, 6
7631, 33, 1.5, 345, 171.6, 0.0, 0.0, 3.0, 145, 39896.0, -8
7690, 35, 2.8, 345, 174.0, 2.0, 2.0, 2.0, 145, 40041.0, 0
7743, 35, 2.0, 345, 174.0, 2.0, 4.0, 0.0, 145, 40186.0, 0
7793, 34, 0.8, 345, 174.0, 1.0, 5.0, -1.0, 145, 40331.0, 0
7850, 33, 0.0, 347, 177.0, 0.0, 5.0, -1.0, 147, 40478.00000000001, 2
7904, 34, 1.9, 355, 188.4, 1.0, 6.0, 1.0, 155, 40633.0, 8
7954, 34, 1.5, 347, 174.0, 1.0, 7.0, 0.0, 147, 40780.0, -8
8011, 31, -2.6, 349, 179.4, -2.0, 5.0, -3.0, 149, 40929.0, 2
8064, 30, -2.7, 345, 172.8, -3.0, 2.0, -1.0, 145, 41074.0, -4
8115, 29, -3.9, 347, 177.0, -4.0, -2.0, -1.0, 147, 41221.00000000001, 2
8169, 30, -2.4, 357, 191.4, -3.0, -5.0, 1.0, 157, 41378.0, 10
8222, 34, 2.4, 370, 207.9, 1.0, -4.0, 4.0, 170, 41548.0, 13
8276, 38, 6.1, 370, 204.0, 5.0, 1.0, 4.0, 170, 41718.0, 0
8332, 37, 3.2, 353, 178.5, 4.0, 5.0, -1.0, 153, 41871.0, -17
8386, 36, 2.7, 326, 143.1, 3.0, 8.0, -1.0, 126, 41997.0, -27
8441, 33, -0.7, 338, 169.2, 0.0, 8.0, -3.0, 138, 42135.0, 12
8494, 32, -0.6, 345, 176.1, -1.0, 7.0, -1.0, 145, 42280.00000000001, 7
8551, 31, -1.6, 357, 192.0, -2.0, 5.0, -1.0, 157, 42437.0, 12
8611, 31, -1.3, 347, 173.4, -2.0, 3.0, 0.0, 147, 42584.0, -10
8671, 30, -2.9, 348, 177.9, -3.0, 0.0, -1.0, 148, 42732.0, 1
8732, 31, -1.3, 349, 179.1, -2.0, -2.0, 1.0, 149, 42881.0, 1
8782, 33, 0.8, 349, 178.8, 0.0, -2.0, 2.0, 149, 43030.0, 0
8841, 35, 2.6, 347, 175.8, 2.0, 0.0, 2.0, 147, 43177.0, -2
8899, 37, 4.6, 338, 162.9, 4.0, 4.0, 2.0, 138, 43315.0, -9
8953, 36, 2.600000000000001, 345, 176.1, 3.0, 7.0, -1.0, 145, 43460.0, 7
9011, 34, 0.6000000000000001, 348, 178.5, 1.0, 8.0, -2.0, 148, 43608.0, 3
9064, 29, -5.300000000000001, 357, 191.1, -4.0, 4.0, -5.0, 157, 43765.0, 9
9115, 30, -1.8, 366, 201.9, -3.0, 1.0, 1.0, 166, 43931.0, 9
9169, 33, 1.6, 347, 170.7, 0.0, 1.0, 3.0, 147, 44078.0, -19
9223, 38, 7.1, 348, 177.9, 5.0, 6.0, 5.0, 148, 44226.0, 1
9273, 38, 5.1, 348, 177.6, 5.0, 11.0, 0.0, 148, 44374.0, 0
9331, 30, -5.600000000000001, 347, 176.1, -3.0, 8.0, -8.0, 147, 44521.00000000001, -1
9385, 26, -7.500000000000001, 357, 191.4, -7.0, 1.0, -4.0, 157, 44678.0, 10
9441, 28, -3.4, 347, 173.4, -5.0, -4.0, 2.0, 147, 44825.0, -10
9502, 32, 0.7, 347, 176.4, -1.0, -5.0, 4.0, 147, 44972.0, 0
9552, 39, 8.4, 347, 176.4, 6.0, 1.0, 7.0, 147, 45119.0, 0
9606, 37, 2.7, 355, 188.4, 4.0, 5.0, -2.0, 155, 45274.0, 8
9660, 33, -1.5, 357, 189.0, 0.0, 5.0, -4.0, 157, 45431.0, 2
9715, 29, -5.1, 340, 162.9, -4.0, 1.0, -4.0, 140, 45571.0, -17
9770, 31, -0.7000000000000002, 348, 180.0, -2.0, -1.0, 2.0, 148, 45719.0, 8
9829, 33, 0.9, 347, 176.1, 0.0, -1.0, 2.0, 147, 45866.0, -1
9882, 34, 1.3, 348, 177.9, 1.0, 0.0, 1.0, 148, 46014.0, 1
9939, 34, 0.9, 347, 176.1, 1.0, 1.0, 0.0, 147, 46161.0, -1
9991, 33, -0.4, 338, 162.9, 0.0, 1.0, -1.0, 138, 46299.0, -9
10044, 33, 0.1, 355, 191.1, 0.0, 1.0, 0.0, 155, 46454.0, 17
10101, 34, 1.5, 355, 186.0, 1.0, 2.0, 1.0, 155, 46609.0, 0
10154, 35, 2.5, 353, 183.0, 2.0, 4.0, 1.0, 153, 46762.00000000001, -2
10210, 37, 5.0, 361, 195.6, 4.0, 8.0, 2.0, 161, 46923.0, 8
10264, 36, 3.0, 353, 181.2, 3.0, 11.0, -1.0, 153, 47076.0, -8
10319, 33, -0.3999999999999999, 326, 143.1, 0.0, 11.0, -3.0, 126, 47202.0, -27
10373, 30, -3.100000000000001, 321, 143.7, -3.0, 8.0, -3.0, 121, 47323.0, -5
10431, 30, -1.9, 326, 152.7, -3.0, 5.0, 0.0, 126, 47449.0, 5
10484, 30, -2.2, 320, 142.2, -3.0, 2.0, 0.0, 120, 47569.0, -6
10536, 33, 1.7, 303, 118.5, 0.0, 2.0, 3.0, 103, 47672.0, -17
