time, color, angle, distance, speed, color_dev, color_int, color_der, speed_dev, speed_int, speed_der
0, 30, -4.2, 864, 996.0000000000001, -3.0, -3.0, -3.0, 664, 664.0000000000001, 664.0000000000001
56, 30, -3.0, 871, 807.3, -3.0, -6.0, 0.0, 671, 1335.0, 7
113, 31, -1.9, 864, 794.6999999999999, -2.0, -8.0, 1.0, 664, 1999.0, -7
167, 41, 11.4, 872, 808.7999999999999, 8.0, 0.0, 10.0, 672, 2671.0, 8
223, 50, 19.8, 877, 813.8999999999999, 17.0, 17.0, 9.0, 677, 3348.000000000001, 5
277, 51, 18.4, 864, 792.9, 18.0, 35.0, 1.0, 664, 4012.0, -13
333, 43, 8.5, 877, 816.3, 10.0, 45.0, -8.0, 677, 4689.0, 13
390, 33, -0.5, 865, 794.4, 0.0, 45.0, -10.0, 665, 5354.0, -12
440, 21, -12.3, 856, 784.4999999999999, -12.0, 33.0, -12.0, 656, 6010.000000000001, -9
495, 19, -10.3, 849, 776.6999999999999, -14.0, 19.0, -2.0, 649, 6659.000000000001, -7
550, 18, -12.1, 835, 757.7999999999999, -15.0, 4.0, -1.0, 635, 7294.0, -14
605, 24, -4.7, 839, 768.0, -9.0, -5.0, 6.0, 639, 7933.0, 4
661, 29, -1.600000000000001, 825, 745.7999999999999, -4.0, -9.0, 5.0, 625, 8558.0, -14
715, 31, -1.7, 825, 750.0, -2.0, -11.0, 2.0, 625, 9183.0, 0
773, 31, -2.9, 825, 750.0, -2.0, -13.0, 0.0, 625, 9808.0, 0
826, 29, -5.9, 808, 724.5, -4.0, -17.0, -2.0, 608, 10416.0, -17
881, 33, 0.2999999999999998, 802, 720.6, 0.0, -17.0, 4.0, 602, 11018.0, -6
936, 38, 5.3, 800, 719.4, 5.0, -12.0, 5.0, 600, 11618.0, -2
990, 44, 11.7, 786, 698.9999999999999, 11.0, -1.0, 6.0, 586, 12204.0, -14
1045, 46, 12.6, 780, 694.2, 13.0, 12.0, 2.0, 580, 12784.0, -6
1099, 41, 5.9, 780, 696.0, 8.0, 20.0, -5.0, 580, 13364.0, 0
1154, 31, -4.8, 773, 685.5, -2.0, 18.0, -10.0, 573, 13937.0, -7
1208, 18, -18.2, 770, 683.1, -15.0, 3.0, -13.0, 570, 14507.0, -3
1263, 15, -17.4, 757, 664.5, -18.0, -15.0, -3.0, 557, 15064.0, -13
1318, 19, -12.1, 752, 660.9, -14.0, -29.0, 4.0, 552, 15616.0, -5
1374, 29, -1.5, 752, 662.4, -4.0, -33.0, 10.0, 552, 16168.0, 0
1428, 49, 21.1, 752, 662.4, 16.0, -17.0, 20.0, 552, 16720.0, 0
1484, 56, 22.5, 748, 656.4, 23.0, 6.0, 7.0, 548, 17268.0, -4
1538, 55, 19.9, 748, 657.6000000000001, 22.0, 28.0, -1.0, 548, 17816.0, 0
1597, 41, 3.0, 748, 657.6000000000001, 8.0, 36.0, -14.0, 548, 18364.0, 0
1653, 26, -10.2, 742, 648.6000000000001, -7.0, 29.0, -15.0, 542, 18906.0, -6
1710, 13, -21.6, 743, 651.9, -20.0, 9.0, -13.0, 543, 19449.0, 1
1764, 11, -19.9, 736, 641.1, -22.0, -13.0, -2.0, 536, 19985.0, -7
1818, 13, -18.3, 704, 595.1999999999999, -20.0, -33.0, 2.0, 504, 20489.0, -32
1873, 23, -7.300000000000001, 713, 618.3000000000001, -10.0, -43.0, 10.0, 513, 21002.0, 9
1927, 39, 9.100000000000001, 706, 605.0999999999999, 6.0, -37.0, 16.0, 506, 21508.0, -7
1986, 51, 18.5, 706, 607.1999999999999, 18.0, -19.0, 12.0, 506, 22014.0, 0
2044, 62, 29.70000000000001, 720, 628.2000000000001, 29.0, 10.0, 11.0, 520, 22534.0, 14
2097, 55, 17.3, 710, 609.0, 22.0, 32.0, -7.0, 510, 23044.0, -10
2154, 43, 6.199999999999999, 698, 594.0, 10.0, 42.0, -12.0, 498, 23542.0, -12
2207, 22, -16.2, 689, 584.0999999999999, -11.0, 31.0, -21.0, 489, 24031.0, -9
2263, 16, -15.2, 685, 580.8, -17.0, 14.0, -6.0, 485, 24516.0, -4
2317, 9, -23.70000000000001, 685, 582.0, -24.0, -10.0, -7.0, 485, 25001.0, 0
2373, 10, -21.20000000000001, 658, 541.5, -23.0, -33.0, 1.0, 458, 25459.0, -27
2426, 19, -11.4, 654, 543.5999999999999, -14.0, -47.0, 9.0, 454, 25913.0, -4
2483, 36, 6.5, 662, 556.8, 3.0, -44.0, 17.0, 462, 26375.0, 8
2537, 52, 20.7, 661, 552.9, 19.0, -25.0, 16.0, 461, 26836.0, -1
2593, 58, 23.0, 696, 605.6999999999999, 25.0, 0.0, 6.0, 496, 27332.0, 35
2647, 62, 28.1, 679, 569.6999999999999, 29.0, 29.0, 4.0, 479, 27811.0, -17
2703, 52, 15.0, 654, 537.2999999999999, 19.0, 48.00000000000001, -10.0, 454, 28265.0, -25
2768, 27, -13.1, 639, 522.3, -6.0, 42.0, -25.0, 439, 28704.0, -15
2824, 11, -23.6, 635, 520.7999999999999, -22.0, 20.0, -16.0, 435, 29139.0, -4
2880, 6, -24.8, 609, 482.9999999999999, -27.0, -7.0, -5.0, 409, 29548.0, -26
2934, 8, -22.2, 599, 475.8, -25.0, -32.0, 2.0, 399, 29947.0, -10
2988, 17, -13.1, 609, 493.8, -16.0, -48.00000000000001, 9.0, 409, 30356.0, 10
3043, 31, 0.4000000000000004, 607, 487.7999999999999, -2.0, -50.0, 14.0, 407, 30763.0, -2
3096, 41, 7.2, 603, 482.4, 8.0, -42.0, 10.0, 403, 31166.0, -4
3152, 57, 25.4, 597, 474.6, 24.0, -18.0, 16.0, 397, 31563.0, -6
3206, 63, 28.2, 581, 452.4, 30.0, 12.0, 6.0, 381, 31944.0, -16
3264, 63, 28.2, 595, 478.2, 30.0, 42.0, 0.0, 395, 32339.0, 14
3318, 43, 3.199999999999999, 570, 436.5, 10.0, 52.0, -20.0, 370, 32709.0, -25
3373, 22, -15.2, 563, 433.5, -11.0, 41.00000000000001, -21.0, 363, 33072.0, -7
3426, 7, -26.8, 572, 449.1, -26.0, 15.0, -15.0, 372, 33444.0, 9
3482, 6, -23.3, 561, 429.8999999999999, -27.0, -12.0, -1.0, 361, 33805.0, -11
3536, 10, -19.9, 542, 404.7, -23.0, -35.0, 4.0, 342, 34147.0, -19
3593, 23, -6.0, 534, 398.4, -10.0, -45.0, 13.0, 334, 34481.0, -8
3647, 40, 10.3, 546, 418.8000000000001, 7.0, -38.0, 17.0, 346, 34827.0, 12
3703, 58, 27.7, 537, 401.7, 25.0, -13.0, 18.0, 337, 35164.0, -9
3757, 65, 31.0, 527, 389.4, 32.0, 19.0, 7.0, 327, 35491.0, -10
3813, 54, 15.3, 519, 380.4, 21.0, 40.0, -11.0, 319, 35810.0, -8
3867, 40, 3.300000000000001, 511, 370.8, 7.0, 47.0, -14.0, 311, 36121.0, -8
3924, 14, -25.4, 506, 365.7, -19.0, 28.0, -26.0, 306, 36427.0, -5
3983, 7, -24.1, 500, 358.2, -26.0, 2.0, -7.0, 300, 36727.0, -6
4040, 9, -20.4, 491, 346.5, -24.0, -22.0, 2.0, 291, 37018.0, -9
4094, 13, -18.2, 491, 349.2, -20.0, -42.0, 4.0, 291, 37309.0, 0
4153, 18, -15.2, 492, 350.7, -15.0, -57.0, 5.0, 292, 37601.0, 1
4206, 54, 31.20000000000001, 490, 347.4, 21.0, -36.0, 36.0, 290, 37891.0, -2
4263, 64, 29.3, 481, 334.5, 31.0, -5.0, 10.0, 281, 38172.0, -9
4317, 62, 24.6, 474, 326.7, 29.0, 24.0, -2.0, 274, 38446.0, -7
4373, 60, 25.7, 464, 313.8, 27.0, 51.00000000000001, -2.0, 264, 38710.0, -10
4427, 51, 16.8, 460, 310.8, 18.0, 69.0, -9.0, 260, 38970.0, -4
4483, 23, -16.1, 469, 325.5, -10.0, 59.0, -28.0, 269, 39239.0, 9
4537, 11, -19.9, 455, 301.8, -22.0, 37.0, -12.0, 255, 39494.0, -14
4593, 5, -24.50000000000001, 454, 304.5, -28.0, 9.0, -6.0, 254, 39748.0, -1
4647, 5, -24.3, 439, 282.3, -28.0, -19.0, 0.0, 239, 39987.0, -15
4703, 10, -20.1, 439, 286.8, -23.0, -42.0, 5.0, 239, 40226.00000000001, 0
4757, 26, -2.5, 439, 286.8, -7.0, -49.0, 16.0, 239, 40465.0, 0
4813, 46, 16.8, 439, 286.8, 13.0, -36.0, 20.0, 239, 40704.0, 0
4867, 60, 27.7, 439, 286.8, 27.0, -9.0, 14.0, 239, 40943.0, 0
4923, 58, 20.6, 428, 270.2999999999999, 25.0, 16.0, -2.0, 228, 41171.0, -11
4984, 41, 0.3000000000000007, 433, 281.1, 8.0, 24.0, -17.0, 233, 41404.00000000001, 5
5040, 35, 1.2, 433, 279.6, 2.0, 26.0, -6.0, 233, 41637.0, 0
5094, 33, 1.6, 433, 279.6, 0.0, 26.0, -2.0, 233, 41870.0, 0
5153, 37, 8.199999999999999, 420, 260.1, 4.0, 30.0, 4.0, 220, 42090.00000000001, -13
5204, 32, -0.3999999999999995, 408, 246.0, -1.0, 29.0, -5.0, 208, 42298.0, -12
5260, 29, -2.2, 406, 246.6, -4.0, 25.0, -3.0, 206, 42504.0, -2
5317, 22, -10.9, 397, 233.7, -11.0, 14.0, -7.0, 197, 42701.0, -9
5373, 22, -8.5, 410, 255.9, -11.0, 3.0, 0.0, 210, 42911.0, 13
5427, 33, 5.8, 399, 235.5, 0.0, 3.0, 11.0, 199, 43110.0, -11
5484, 41, 11.5, 397, 235.8, 8.0, 11.0, 8.0, 197, 43307.0, -2
5538, 41, 8.300000000000001, 392, 228.9, 8.0, 19.0, 0.0, 192, 43499.0, -5
5599, 32, -3.5, 406, 251.4, -1.0, 18.0, -9.0, 206, 43705.0, 14
5654, 24, -10.3, 399, 236.7, -9.0, 9.0, -8.0, 199, 43904.00000000001, -7
5711, 21, -11.4, 395, 232.8, -12.0, -3.0, -3.0, 195, 44099.0, -4
5765, 27, -2.700000000000001, 392, 229.5, -6.0, -9.0, 6.0, 192, 44291.0, -3
5820, 31, -0.7000000000000002, 392, 230.4, -2.0, -11.0, 4.0, 192, 44483.00000000001, 0
5874, 35, 2.7, 401, 243.9, 2.0, -9.0, 4.0, 201, 44684.0, 9
5928, 31, -4.7, 392, 227.7, -2.0, -11.0, -4.0, 192, 44876.0, -9
5984, 31, -2.9, 392, 230.4, -2.0, -13.0, 0.0, 192, 45068.0, 0
6037, 32, -1.7, 393, 231.9, -1.0, -14.0, 1.0, 193, 45261.0, 1
6093, 36, 3.3, 393, 231.6, 3.0, -11.0, 4.0, 193, 45454.0, 0
6147, 43, 11.4, 392, 230.1, 10.0, -1.0, 7.0, 192, 45646.0, -1
6203, 44, 10.3, 392, 230.4, 11.0, 10.0, 1.0, 192, 45838.0, 0
6258, 40, 5.300000000000001, 392, 230.4, 7.0, 17.0, -4.0, 192, 46030.00000000001, 0
6326, 29, -7.4, 393, 231.9, -4.0, 13.0, -11.0, 193, 46223.0, 1
6383, 22, -12.1, 389, 225.6, -11.0, 2.0, -7.0, 189, 46412.0, -4
6436, 23, -8.300000000000001, 389, 226.8, -10.0, -8.0, 1.0, 189, 46601.0, 0
6493, 30, -4.440892098500626e-16, 383, 217.8, -3.0, -11.0, 7.0, 183, 46784.0, -6
6547, 38, 7.4, 391, 231.6, 5.0, -6.0, 8.0, 191, 46975.0, 8
6603, 36, 1.100000000000001, 383, 217.2, 3.0, -3.0, -2.0, 183, 47158.00000000001, -8
6656, 30, -6.0, 384, 221.1, -3.0, -6.0, -6.0, 184, 47342.0, 1
6712, 27, -7.500000000000001, 391, 231.3, -6.0, -12.0, -3.0, 191, 47533.0, 7
6768, 32, 0.3999999999999999, 383, 217.2, -1.0, -13.0, 5.0, 183, 47716.0, -8
6823, 37, 4.800000000000001, 404, 251.1, 4.0, -9.0, 5.0, 204, 47920.0, 21
6878, 40, 6.9, 408, 250.8, 7.0, -2.0, 3.0, 208, 48128.0, 4
6933, 40, 6.100000000000001, 410, 252.6, 7.0, 5.0, 0.0, 210, 48338.0, 2
6987, 34, -1.6, 397, 232.5, 1.0, 6.0, -6.0, 197, 48535.0, -13
7043, 34, 1.5, 380, 210.9, 1.0, 7.0, 0.0, 180, 48715.0, -17
7098, 34, 1.6, 380, 216.0, 1.0, 8.0, 0.0, 180, 48895.0, 0
7153, 34, 1.7, 380, 216.0, 1.0, 9.0, 0.0, 180, 49075.00000000001, 0
7213, 30, -3.8, 384, 222.0, -3.0, 6.0, -4.0, 184, 49259.0, 4
7267, 27, -6.300000000000001, 385, 222.3, -6.0, 0.0, -3.0, 185, 49444.0, 1
7323, 30, -1.2, 393, 234.0, -3.0, -3.0, 3.0, 193, 49637.0, 8
7378, 31, -1.6, 385, 219.6, -2.0, -5.0, 1.0, 185, 49822.00000000001, -8
7433, 30, -3.7, 380, 214.5, -3.0, -8.0, -1.0, 180, 50002.0, -5
7487, 32, -0.7000000000000002, 380, 216.0, -1.0, -9.0, 2.0, 180, 50182.0, 0
7543, 37, 5.2, 385, 223.5, 4.0, -5.0, 5.0, 185, 50367.00000000001, 5
7603, 38, 4.5, 385, 222.0, 5.0, 0.0, 1.0, 185, 50552.0, 0
7657, 32, -3.9, 385, 222.0, -1.0, -1.0, -6.0, 185, 50737.00000000001, 0
7713, 30, -3.8, 382, 217.5, -3.0, -4.0, -2.0, 182, 50919.0, -3
7768, 32, -0.3, 376, 209.4, -1.0, -5.0, 2.0, 176, 51095.00000000001, -6
7823, 39, 8.4, 393, 236.7, 6.0, 1.0, 7.0, 193, 51288.0, 17
7877, 41, 8.300000000000001, 389, 225.6, 8.0, 9.0, 2.0, 189, 51477.0, -4
7933, 30, -7.300000000000001, 389, 226.8, -3.0, 6.0, -11.0, 189, 51666.0, 0
7987, 16, -21.7, 391, 229.8, -17.0, -11.0, -14.0, 191, 51857.00000000001, 2
8043, 19, -12.2, 384, 218.7, -14.0, -25.0, 3.0, 184, 52041.0, -7
8096, 38, 11.5, 392, 232.8, 5.0, -20.0, 19.0, 192, 52233.0, 8
8150, 47, 15.1, 397, 237.9, 14.0, -6.0, 9.0, 197, 52430.0, 5
8204, 43, 6.4, 392, 228.9, 10.0, 4.0, -4.0, 192, 52622.0, -5
8258, 33, -4.6, 372, 200.4, 0.0, 4.0, -10.0, 172, 52794.0, -20
8313, 30, -3.8, 376, 212.4, -3.0, 1.0, -3.0, 176, 52970.00000000001, 4
8366, 27, -6.800000000000001, 376, 211.2, -6.0, -5.0, -3.0, 176, 53146.0, 0
8416, 30, -1.7, 372, 205.2, -3.0, -8.0, 3.0, 172, 53318.0, -4
8473, 42, 13.3, 365, 195.9, 9.0, 1.0, 12.0, 165, 53483.0, -7
8529, 42, 8.199999999999999, 365, 198.0, 9.0, 10.0, 0.0, 165, 53648.00000000001, 0
