time, color, angle, distance, speed, color_dev, color_int, color_der, speed_dev, speed_int, speed_der
0, 28, -5.0, 861, 594.9, -5.0, -5.0, -5.0, 661, 661.0, 661.0
56, 28, -3.0, 861, 396.6, -5.0, -10.0, 0.0, 661, 1322.0, 0
110, 28, -3.5, 849, 385.8, -5.0, -15.0, 0.0, 649, 1971.0, -12
164, 28, -4.0, 856, 395.7, -5.0, -20.0, 0.0, 656, 2627.0, 7
221, 28, -4.5, 869, 405.3, -5.0, -25.0, 0.0, 669, 3296.0, 13
280, 33, 0.0, 865, 397.8, 0.0, -25.0, 5.0, 665, 3961.0, -4
332, 43, 7.5, 861, 395.4, 10.0, -15.0, 10.0, 661, 4622.0, -4
386, 49, 9.5, 849, 385.8, 16.0, 1.0, 6.0, 649, 5271.000000000001, -12
441, 46, 5.100000000000001, 833, 375.0, 13.0, 14.0, -3.0, 633, 5904.0, -16
496, 40, 1.9, 835, 381.6, 7.0, 21.0, -6.0, 635, 6539.000000000001, 2
552, 31, -3.4, 826, 372.9, -2.0, 19.0, -9.0, 626, 7165.000000000001, -9
607, 27, -3.100000000000001, 818, 368.4000000000001, -6.0, 13.0, -4.0, 618, 7783.0, -8
660, 33, 4.3, 817, 369.9, 0.0, 13.0, 6.0, 617, 8400.0, -1
713, 35, 3.3, 796, 351.2999999999999, 2.0, 15.0, 2.0, 596, 8996.0, -21
768, 29, -3.5, 784, 346.8, -4.0, 11.0, -6.0, 584, 9580.0, -12
825, 26, -3.9, 786, 352.2, -7.0, 4.0, -3.0, 586, 10166.0, 2
881, 25, -4.1, 780, 346.2, -8.0, -4.0, -1.0, 580, 10746.0, -6
935, 25, -4.4, 772, 340.8, -8.0, -12.0, 0.0, 572, 11318.0, -8
991, 26, -4.2, 764, 336.0, -7.0, -19.0, 1.0, 564, 11882.0, -8
1045, 25, -6.4, 764, 338.4, -8.0, -27.0, -1.0, 564, 12446.0, 0
1099, 26, -5.700000000000001, 764, 338.4, -7.0, -34.0, 1.0, 564, 13010.0, 0
1153, 38, 5.1, 764, 338.4, 5.0, -29.0, 12.0, 564, 13574.0, 0
1206, 40, 1.6, 764, 338.4, 7.0, -22.0, 2.0, 564, 14138.0, 0
1263, 37, -1.7, 764, 338.4, 4.0, -18.0, -3.0, 564, 14702.0, 0
1314, 35, -1.8, 730, 307.8, 2.0, -16.0, -2.0, 530, 15232.0, -34
1365, 35, -0.6000000000000001, 736, 323.4, 2.0, -14.0, 0.0, 536, 15768.0, 6
1419, 44, 8.600000000000001, 730, 316.2, 11.0, -3.0, 9.0, 530, 16298.0, -6
1473, 43, 4.2, 722, 310.8, 10.0, 7.0, -1.0, 522, 16820.0, -8
1526, 37, -0.2999999999999998, 721, 312.3, 4.0, 11.0, -6.0, 521, 17341.0, -1
1581, 29, -4.9, 721, 312.6, -4.0, 7.0, -8.0, 521, 17862.0, 0
1636, 31, 0.7, 720, 311.7, -2.0, 5.0, 2.0, 520, 18382.0, -1
1692, 36, 4.5, 706, 299.4, 3.0, 8.0, 5.0, 506, 18888.0, -14
1747, 36, 2.3, 702, 300.0, 3.0, 11.0, 0.0, 502, 19390.0, -4
1801, 34, 0.6000000000000001, 693, 293.1000000000001, 1.0, 12.0, -2.0, 493, 19883.0, -9
1855, 28, -4.3, 693, 295.8, -5.0, 7.0, -6.0, 493, 20376.0, 0
1911, 29, -0.8, 689, 292.2, -4.0, 3.0, 1.0, 489, 20865.0, -4
1965, 31, 0.2999999999999999, 687, 291.6, -2.0, 1.0, 2.0, 487, 21352.0, -2
2024, 33, 1.1, 680, 285.9, 0.0, 1.0, 2.0, 480, 21832.0, -7
2080, 28, -4.9, 677, 285.3, -5.0, -4.0, -5.0, 477, 22309.0, -3
2132, 25, -5.9, 672, 281.7, -8.0, -12.0, -3.0, 472, 22781.0, -5
2186, 25, -5.2, 666, 277.8, -8.0, -20.0, 0.0, 466, 23247.0, -6
2241, 29, -2.0, 666, 279.6, -4.0, -24.0, 4.0, 466, 23713.0, 0
2295, 37, 3.6, 670, 283.2, 4.0, -20.0, 8.0, 470, 24183.0, 4
2351, 40, 3.0, 660, 273.0, 7.0, -13.0, 3.0, 460, 24643.0, -10
2409, 37, -0.7999999999999999, 653, 269.7, 4.0, -9.0, -3.0, 453, 25096.0, -7
2471, 32, -3.9, 653, 271.8, -1.0, -10.0, -5.0, 453, 25549.0, 0
2524, 34, 0.5, 653, 271.8, 1.0, -9.0, 2.0, 453, 26002.0, 0
2580, 37, 2.6, 658, 276.3, 4.0, -5.0, 3.0, 458, 26460.0, 5
2633, 45, 9.5, 658, 274.8, 12.0, 7.0, 8.0, 458, 26918.0, 0
2689, 38, -0.2999999999999998, 653, 270.3, 5.0, 12.0, -7.0, 453, 27371.0, -5
2743, 31, -3.3, 651, 269.9999999999999, -2.0, 10.0, -7.0, 451, 27822.0, -2
2796, 27, -4.0, 679, 295.8, -6.0, 4.0, -4.0, 479, 28301.0, 28
2853, 30, 0.3999999999999999, 661, 271.2, -3.0, 1.0, 3.0, 461, 28762.0, -18
2905, 40, 8.600000000000001, 626, 245.1, 7.0, 8.0, 10.0, 426, 29188.0, -35
2960, 44, 8.300000000000001, 607, 238.5, 11.0, 19.0, 4.0, 407, 29595.0, -19
3011, 35, -1.6, 626, 261.3, 2.0, 21.0, -9.0, 426, 30021.0, 19
3064, 23, -8.9, 634, 262.8, -10.0, 11.0, -12.0, 434, 30455.0, 8
3120, 24, -2.9, 634, 260.4, -9.0, 2.0, 1.0, 434, 30889.0, 0
3174, 25, -3.3, 599, 228.9, -8.0, -6.0, 1.0, 399, 31288.0, -35
3232, 32, 2.4, 633, 270.0, -1.0, -7.0, 7.0, 433, 31721.0, 34
3287, 41, 7.800000000000001, 639, 265.2, 8.0, 1.0, 9.0, 439, 32160.0, 6
3343, 32, -4.9, 603, 231.0, -1.0, 0.0, -9.0, 403, 32563.0, -36
3411, 30, -2.5, 624, 260.7, -3.0, -3.0, -2.0, 424, 32987.0, 21
3466, 24, -7.800000000000001, 622, 252.6, -9.0, -12.0, -6.0, 422, 33409.0, -2
3520, 29, -0.7000000000000002, 626, 256.8, -4.0, -16.0, 5.0, 426, 33835.0, 4
3572, 37, 4.4, 595, 227.7, 4.0, -12.0, 8.0, 395, 34230.0, -31
3626, 46, 9.800000000000001, 626, 264.9, 13.0, 1.0, 9.0, 426, 34656.0, 31
3682, 41, 1.600000000000001, 624, 253.8, 8.0, 9.0, -5.0, 424, 35080.0, -2
3741, 29, -7.1, 660, 286.8, -4.0, 5.0, -12.0, 460, 35540.0, 36
3793, 29, -1.5, 634, 252.6, -4.0, 1.0, 0.0, 434, 35974.0, -26
3848, 31, 0.1, 617, 245.1, -2.0, -1.0, 2.0, 417, 36391.0, -17
3902, 40, 7.9, 605, 239.4, 7.0, 6.0, 9.0, 405, 36796.0, -12
3955, 48, 12.1, 609, 246.6, 15.0, 21.0, 8.0, 409, 37205.0, 4
4011, 36, -2.399999999999999, 607, 243.6, 3.0, 24.0, -12.0, 407, 37612.0, -2
4065, 23, -9.1, 609, 246.0, -10.0, 14.0, -13.0, 409, 38021.0, 2
4121, 21, -5.600000000000001, 590, 228.3, -12.0, 2.0, -2.0, 390, 38411.0, -19
4174, 22, -4.800000000000001, 561, 207.9, -11.0, -9.0, 1.0, 361, 38772.0, -29
4231, 28, -0.4000000000000004, 598, 249.9, -5.0, -14.0, 6.0, 398, 39170.0, 37
4285, 29, -2.9, 609, 248.7, -4.0, -18.0, 1.0, 409, 39579.0, 11
4342, 32, -0.8000000000000004, 595, 232.8, -1.0, -19.0, 3.0, 395, 39974.0, -14
4395, 35, 0.5999999999999998, 572, 216.3, 2.0, -17.0, 3.0, 372, 40346.0, -23
4455, 32, -3.7, 591, 240.3, -1.0, -18.0, -3.0, 391, 40737.00000000001, 19
4505, 24, -10.3, 599, 241.8, -9.0, -27.0, -8.0, 399, 41136.0, 8
4556, 30, -1.2, 597, 237.6, -3.0, -30.0, 6.0, 397, 41533.0, -2
4611, 46, 11.5, 321, -10.2, 13.0, -17.0, 16.0, 121, 41654.0, -276
4669, 48, 6.8, 597, 321.0, 15.0, -2.0, 2.0, 397, 42051.0, 276
4724, 49, 8.300000000000001, 605, 245.4, 16.0, 14.0, 1.0, 405, 42456.0, 8
4780, 43, 3.4, 599, 237.6, 10.0, 24.0, -6.0, 399, 42855.0, -6
4837, 33, -2.6, 598, 238.5, 0.0, 24.0, -10.0, 398, 43253.0, -1
4894, 32, 1.4, 605, 245.1, -1.0, 23.0, -1.0, 405, 43658.0, 7
4951, 31, 0.8, 598, 236.7, -2.0, 21.0, -1.0, 398, 44056.00000000001, -7
5011, 35, 5.100000000000001, 605, 245.1, 2.0, 23.0, 4.0, 405, 44461.0, 7
5064, 37, 5.300000000000001, 598, 236.7, 4.0, 27.0, 2.0, 398, 44859.0, -7
5115, 34, 1.7, 603, 243.3, 1.0, 28.0, -3.0, 403, 45262.0, 5
5171, 21, -9.700000000000001, 597, 236.4, -12.0, 16.0, -13.0, 397, 45659.0, -6
5224, 25, -0.4000000000000004, 590, 231.9, -8.0, 8.0, 4.0, 390, 46049.00000000001, -7
5281, 32, 3.8, 597, 240.3, -1.0, 7.0, 7.0, 397, 46446.00000000001, 7
5336, 36, 4.2, 597, 238.2, 3.0, 10.0, 4.0, 397, 46843.0, 0
5391, 32, -1.5, 586, 228.3, -1.0, 9.0, -4.0, 386, 47229.0, -11
5444, 32, 0.4, 590, 235.2, -1.0, 8.0, 0.0, 390, 47619.0, 4
5498, 27, -4.7, 563, 209.7, -6.0, 2.0, -5.0, 363, 47982.0, -27
5551, 25, -4.800000000000001, 588, 240.3, -8.0, -6.0, -2.0, 388, 48370.00000000001, 25
5606, 29, -0.6000000000000001, 597, 240.9, -4.0, -10.0, 4.0, 397, 48767.0, 9
5665, 25, -7.0, 599, 240.0, -8.0, -18.0, -4.0, 399, 49166.0, 2
5720, 28, -2.800000000000001, 586, 227.7, -5.0, -23.0, 3.0, 386, 49552.0, -13
5771, 29, -3.800000000000001, 580, 226.2, -4.0, -27.0, 1.0, 380, 49932.0, -6
5826, 36, 2.3, 581, 228.9, 3.0, -24.0, 7.0, 381, 50313.0, 1
5882, 37, 0.1000000000000001, 595, 241.2, 4.0, -20.0, 1.0, 395, 50708.0, 14
5936, 36, -1.0, 404, 65.1, 3.0, -17.0, -1.0, 204, 50912.00000000001, -191
5992, 37, 0.8, 580, 280.8, 4.0, -13.0, 1.0, 380, 51292.0, 176
6047, 40, 3.7, 588, 235.2, 7.0, -6.0, 3.0, 388, 51680.0, 8
6102, 44, 6.9, 590, 234.6, 11.0, 5.0, 4.0, 390, 52070.0, 2
6155, 48, 10.0, 590, 234.0, 15.0, 20.0, 4.0, 390, 52460.0, 0
6211, 49, 10.5, 572, 217.8, 16.0, 36.0, 1.0, 372, 52832.0, -18
6264, 48, 10.6, 588, 237.6, 15.0, 51.00000000000001, -1.0, 388, 53220.0, 16
6320, 44, 8.600000000000001, 590, 234.6, 11.0, 62.0, -4.0, 390, 53610.00000000001, 2
6374, 36, 3.7, 588, 232.2, 3.0, 65.0, -8.0, 388, 53998.0, -2
6430, 32, 4.0, 581, 226.5, -1.0, 64.0, -4.0, 381, 54379.0, -7
6486, 27, 0.9000000000000004, 586, 233.1, -6.0, 58.00000000000001, -5.0, 386, 54765.00000000001, 5
6540, 24, -0.1999999999999997, 546, 195.6, -9.0, 49.0, -3.0, 346, 55111.0, -40
6592, 24, 0.3999999999999999, 578, 236.4, -9.0, 40.0, 0.0, 378, 55489.00000000001, 32
6642, 24, -0.5, 578, 226.8, -9.0, 31.0, 0.0, 378, 55867.0, 0
6702, 21, -4.4, 578, 226.8, -12.0, 19.0, -3.0, 378, 56245.0, 0
6752, 18, -7.1, 582, 230.4, -15.0, 4.0, -3.0, 382, 56627.0, 4
6803, 18, -7.1, 563, 212.1, -15.0, -11.0, 0.0, 363, 56990.0, -19
6861, 22, -4.600000000000001, 570, 224.1, -11.0, -22.0, 4.0, 370, 57360.00000000001, 7
6918, 28, -1.7, 599, 248.1, -5.0, -27.0, 6.0, 399, 57759.0, 29
6976, 34, 0.7999999999999998, 590, 231.3, 1.0, -26.0, 6.0, 390, 58149.00000000001, -9
7030, 31, -5.100000000000001, 563, 209.7, -2.0, -28.0, -3.0, 363, 58512.0, -27
7081, 28, -6.800000000000001, 574, 227.7, -5.0, -33.0, -3.0, 374, 58886.0, 11
7136, 30, -3.800000000000001, 563, 214.5, -3.0, -36.0, 2.0, 363, 59249.0, -11
7190, 33, -2.1, 572, 225.9, 0.0, -36.0, 3.0, 372, 59621.0, 9
7244, 38, 1.4, 573, 224.1, 5.0, -31.0, 5.0, 373, 59994.00000000001, 1
7300, 40, 1.4, 574, 224.7, 7.0, -24.0, 2.0, 374, 60368.0, 1
7358, 43, 4.1, 574, 224.4, 10.0, -14.0, 3.0, 374, 60742.0, 0
7411, 45, 5.600000000000001, 554, 206.4, 12.0, -2.0, 2.0, 354, 61096.0, -20
7464, 42, 2.8, 574, 230.4, 9.0, 7.0, -3.0, 374, 61470.0, 20
7522, 40, 3.2, 586, 235.2, 7.0, 14.0, -2.0, 386, 61856.0, 12
7576, 37, 1.9, 580, 226.2, 4.0, 18.0, -3.0, 380, 62236.0, -6
7631, 41, 7.800000000000001, 570, 219.0, 8.0, 26.0, 4.0, 370, 62606.0, -10
7690, 39, 4.600000000000001, 567, 219.3, 6.0, 32.0, -2.0, 367, 62973.0, -3
7744, 36, 3.2, 559, 213.0, 3.0, 35.0, -3.0, 359, 63332.00000000001, -8
7801, 29, -2.0, 554, 210.9, -4.0, 31.0, -7.0, 354, 63686.00000000001, -5
7856, 23, -4.9, 546, 205.2, -10.0, 21.0, -6.0, 346, 64032.0, -8
7910, 23, -2.9, 586, 243.6, -10.0, 11.0, 0.0, 386, 64418.00000000001, 40
7964, 24, -2.9, 582, 228.0, -9.0, 2.0, 1.0, 382, 64800.0, -4
8019, 24, -4.3, 588, 234.6, -9.0, -7.0, 0.0, 388, 65188.00000000001, 6
8073, 25, -4.2, 574, 220.2, -8.0, -15.0, 1.0, 374, 65562.0, -14
8131, 31, 0.5, 588, 237.0, -2.0, -17.0, 6.0, 388, 65950.00000000001, 14
8188, 33, -0.7000000000000002, 559, 206.7, 0.0, -17.0, 2.0, 359, 66309.0, -29
8240, 32, -2.7, 573, 228.0, -1.0, -18.0, -1.0, 373, 66682.00000000001, 14
8293, 31, -3.3, 598, 246.3, -2.0, -20.0, -1.0, 398, 67080.0, 25
8347, 31, -3.0, 580, 222.6, -2.0, -22.0, 0.0, 380, 67460.0, -18
8402, 33, -1.2, 546, 197.4, 0.0, -22.0, 2.0, 346, 67806.00000000001, -34
8461, 37, 1.8, 580, 238.2, 4.0, -18.0, 4.0, 380, 68186.0, 34
8511, 44, 7.2, 574, 222.6, 11.0, -7.0, 7.0, 374, 68560.00000000001, -6
8565, 47, 7.800000000000001, 537, 191.1, 14.0, 7.0, 3.0, 337, 68897.0, -37
8620, 40, 0.7000000000000002, 532, 197.7, 7.0, 14.0, -7.0, 332, 69229.0, -5
8676, 33, -2.1, 515, 183.9, 0.0, 14.0, -7.0, 315, 69544.00000000001, -17
