time, color, angle, distance, speed, color_dev, color_int, color_der, speed_dev, speed_int, speed_der
0, 26, -8.4, 878, 1220.4, -7.0, -7.0, -7.0, 678, 678.0, 678.0
55, 26, -5.600000000000001, 878, 1017.0, -7.0, -14.0, 0.0, 678, 1356.0, 0
113, 26, -6.300000000000001, 878, 1017.0, -7.0, -21.0, 0.0, 678, 2034.0, 0
168, 30, -2.2, 872, 1006.2, -3.0, -24.0, 4.0, 672, 2706.0, -6
221, 35, 1.5, 878, 1018.8, 2.0, -22.0, 5.0, 678, 3384.0, 6
278, 43, 8.800000000000001, 893, 1044.0, 10.0, -12.0, 8.0, 693, 4077.000000000001, 15
337, 42, 4.6, 887, 1028.7, 9.0, -3.0, -1.0, 687, 4764.0, -6
392, 37, 0.0, 843, 951.3, 4.0, 1.0, -5.0, 643, 5407.0, -44
452, 28, -7.9, 831, 942.9, -5.0, -4.0, -9.0, 631, 6038.0, -12
502, 29, -2.7, 864, 1005.9, -4.0, -8.0, 1.0, 664, 6702.0, 33
553, 31, -1.2, 864, 996.0000000000001, -2.0, -10.0, 2.0, 664, 7366.0, 0
608, 41, 9.6, 822, 920.4000000000001, 8.0, -2.0, 10.0, 622, 7988.0, -42
659, 45, 10.2, 812, 915.0, 12.0, 10.0, 4.0, 612, 8600.0, -10
717, 44, 8.199999999999999, 877, 1035.0, 11.0, 21.0, -1.0, 677, 9276.999999999999, 65
769, 35, -1.0, 787, 853.5, 2.0, 23.0, -9.0, 587, 9864.000000000001, -90
828, 25, -8.300000000000001, 788, 882.3, -8.0, 15.0, -10.0, 588, 10452.0, 1
881, 24, -5.299999999999999, 765, 840.6000000000001, -9.0, 6.0, -1.0, 565, 11017.0, -23
937, 26, -3.3, 765, 847.5, -7.0, -1.0, 2.0, 565, 11582.0, 0
992, 32, 2.2, 766, 849.3, -1.0, -2.0, 6.0, 566, 12148.0, 1
1047, 35, 2.7, 754, 827.3999999999999, 2.0, 0.0, 3.0, 554, 12702.0, -12
1101, 39, 6.199999999999999, 751, 825.6, 6.0, 6.0, 4.0, 551, 13253.0, -3
1156, 36, 1.2, 751, 826.5000000000001, 3.0, 9.0, -3.0, 551, 13804.0, 0
1210, 34, 0.6000000000000001, 751, 826.5000000000001, 1.0, 10.0, -2.0, 551, 14355.0, 0
1264, 31, -1.9, 751, 826.5000000000001, -2.0, 8.0, -3.0, 551, 14906.0, 0
1318, 32, 0.6000000000000001, 751, 826.5000000000001, -1.0, 7.0, 1.0, 551, 15457.0, 0
1373, 34, 2.4, 751, 826.5000000000001, 1.0, 8.0, 2.0, 551, 16008.0, 0
1429, 31, -2.1, 751, 826.5000000000001, -2.0, 6.0, -3.0, 551, 16559.0, 0
1483, 31, -0.7999999999999999, 751, 826.5000000000001, -2.0, 4.0, 0.0, 551, 17110.0, 0
1539, 33, 1.4, 710, 752.7000000000001, 0.0, 4.0, 2.0, 510, 17620.0, -41
1595, 39, 7.6, 491, 370.8, 6.0, 10.0, 6.0, 291, 17911.0, -219
1652, 41, 7.6, 491, 436.5, 8.0, 18.0, 2.0, 291, 18202.0, 0
1715, 34, -1.0, 702, 816.3, 1.0, 19.0, -7.0, 502, 18704.0, 211
1765, 30, -2.2, 680, 713.4, -3.0, 16.0, -4.0, 480, 19184.0, -22
1820, 28, -2.9, 697, 750.6, -5.0, 11.0, -2.0, 497, 19681.0, 17
1870, 27, -3.6, 666, 689.7, -6.0, 5.0, -1.0, 466, 20147.0, -31
1926, 26, -4.9, 643, 657.6000000000001, -7.0, -2.0, -1.0, 443, 20590.0, -23
1979, 29, -1.5, 644, 666.2999999999999, -4.0, -6.0, 3.0, 444, 21034.0, 1
2034, 35, 3.8, 651, 678.6, 2.0, -4.0, 6.0, 451, 21485.0, 7
2088, 42, 9.399999999999999, 580, 548.7000000000001, 9.0, 5.0, 7.0, 380, 21865.0, -71
2150, 43, 8.0, 581, 571.8, 10.0, 15.0, 1.0, 381, 22246.0, 1
2208, 35, -1.1, 599, 603.9, 2.0, 17.0, -8.0, 399, 22645.0, 18
2262, 28, -5.3, 499, 418.5, -5.0, 12.0, -7.0, 299, 22944.0, -100
2316, 28, -2.3, 559, 556.5, -5.0, 7.0, 0.0, 359, 23303.0, 60
2370, 31, 0.8, 537, 498.9, -2.0, 5.0, 3.0, 337, 23640.0, -22
2421, 34, 2.7, 527, 487.5, 1.0, 6.0, 3.0, 327, 23967.0, -10
2478, 36, 3.7, 518, 474.3, 3.0, 9.0, 2.0, 318, 24285.0, -9
2528, 35, 1.8, 504, 451.8, 2.0, 11.0, -1.0, 304, 24589.0, -14
2579, 39, 7.3, 496, 441.6, 6.0, 17.0, 4.0, 296, 24885.0, -8
2630, 36, 2.3, 491, 435.0000000000001, 3.0, 20.0, -3.0, 291, 25176.0, -5
2680, 33, 0.5, 492, 438.3, 0.0, 20.0, -3.0, 292, 25468.0, 1
2736, 24, -8.799999999999999, 455, 371.4, -9.0, 11.0, -9.0, 255, 25723.0, -37
2787, 26, -2.8, 455, 382.5, -7.0, 4.0, 2.0, 255, 25978.0, 0
2839, 26, -4.5, 474, 416.7, -7.0, -3.0, 0.0, 274, 26252.0, 19
2891, 27, -4.0, 437, 344.4, -6.0, -9.0, 1.0, 237, 26489.0, -37
2947, 33, 2.1, 429, 341.1, 0.0, -9.0, 6.0, 229, 26718.0, -8
3006, 37, 3.9, 429, 343.5, 4.0, -5.0, 4.0, 229, 26947.0, 0
3067, 42, 8.300000000000001, 410, 309.3, 9.0, 4.0, 5.0, 210, 27157.0, -19
3118, 42, 6.699999999999999, 408, 311.4, 9.0, 13.0, 0.0, 208, 27365.0, -2
3176, 34, -2.0, 393, 285.0, 1.0, 14.0, -8.0, 193, 27558.0, -15
3229, 27, -6.3, 384, 273.3, -6.0, 8.0, -7.0, 184, 27742.0, -9
3287, 33, 3.8, 389, 285.0, 0.0, 8.0, 6.0, 189, 27931.0, 5
3350, 39, 8.0, 391, 287.1, 6.0, 14.0, 6.0, 191, 28122.0, 2
3404, 31, -4.0, 365, 239.7, -2.0, 12.0, -8.0, 165, 28287.0, -26
3457, 26, -6.2, 361, 240.3, -7.0, 5.0, -5.0, 161, 28448.0, -4
3508, 27, -3.2, 357, 234.3, -6.0, -1.0, 1.0, 157, 28605.0, -4
3564, 36, 6.5, 361, 242.7, 3.0, 2.0, 9.0, 161, 28766.0, 4
3618, 43, 10.7, 366, 250.5, 10.0, 12.0, 7.0, 166, 28932.0, 5
3670, 42, 7.0, 364, 245.4, 9.0, 21.0, -1.0, 164, 29096.0, -2
3727, 36, 1.2, 348, 217.2, 3.0, 24.0, -6.0, 148, 29244.0, -16
3779, 22, -12.3, 348, 222.0, -11.0, 13.0, -14.0, 148, 29392.0, 0
3837, 19, -10.0, 348, 222.0, -14.0, -1.0, -3.0, 148, 29540.0, 0
3897, 25, -2.7, 355, 234.6, -8.0, -9.0, 6.0, 155, 29695.0, 7
3948, 34, 4.3, 362, 245.1, 1.0, -8.0, 9.0, 162, 29857.0, 7
4007, 39, 5.899999999999999, 357, 234.0, 6.0, -2.0, 5.0, 157, 30014.0, -5
4066, 37, 1.6, 366, 251.7, 4.0, 2.0, -2.0, 166, 30180.0, 9
4116, 25, -11.4, 348, 216.6, -8.0, -6.0, -12.0, 148, 30328.0, -18
4172, 26, -5.0, 347, 220.2, -7.0, -13.0, 1.0, 147, 30475.0, -1
4227, 35, 4.6, 334, 197.1, 2.0, -11.0, 9.0, 134, 30609.0, -13
4288, 42, 8.699999999999999, 321, 177.6, 9.0, -2.0, 7.0, 121, 30730.0, -13
4346, 39, 2.5, 328, 194.1, 6.0, 4.0, -3.0, 128, 30858.0, 7
4397, 39, 4.6, 330, 195.6, 6.0, 10.0, 0.0, 130, 30988.0, 2
4457, 42, 8.800000000000001, 329, 193.2, 9.0, 19.0, 3.0, 129, 31117.0, -1
4511, 41, 7.0, 329, 193.5, 8.0, 27.0, -1.0, 129, 31246.0, 0
4561, 34, -0.1, 326, 188.1, 1.0, 28.0, -7.0, 126, 31372.0, -3
4617, 24, -8.5, 328, 192.6, -9.0, 19.0, -10.0, 128, 31500.0, 2
4668, 24, -4.399999999999999, 329, 193.8, -9.0, 10.0, 0.0, 129, 31629.0, 1
4720, 26, -2.9, 348, 227.7, -7.0, 3.0, 2.0, 148, 31777.0, 19
4777, 29, -1.0, 345, 216.6, -4.0, -1.0, 3.0, 145, 31922.0, -3
4831, 28, -4.1, 334, 197.7, -5.0, -6.0, -1.0, 134, 32056.0, -11
4888, 33, 1.9, 345, 220.8, 0.0, -6.0, 5.0, 145, 32201.0, 11
4942, 30, -4.199999999999999, 338, 204.9, -3.0, -9.0, -3.0, 138, 32339.0, -7
4993, 28, -5.4, 336, 203.4, -5.0, -14.0, -2.0, 136, 32475.0, -2
5048, 32, -0.1000000000000001, 349, 227.4, -1.0, -15.0, 4.0, 149, 32624.0, 13
5104, 38, 5.0, 340, 207.3, 5.0, -10.0, 6.0, 140, 32764.0, -9
5158, 38, 2.5, 329, 190.2, 5.0, -5.0, 0.0, 129, 32893.0, -11
5215, 35, -0.6000000000000001, 329, 193.5, 2.0, -3.0, -3.0, 129, 33022.0, 0
5271, 35, 1.1, 328, 191.7, 2.0, -1.0, 0.0, 128, 33150.0, -1
5328, 38, 4.9, 330, 195.6, 5.0, 4.0, 3.0, 130, 33280.0, 2
5383, 40, 6.300000000000001, 330, 195.0, 7.0, 11.0, 2.0, 130, 33410.0, 0
5437, 37, 2.4, 328, 191.4, 4.0, 15.0, -3.0, 128, 33538.0, -2
5488, 33, -0.5, 330, 195.6, 0.0, 15.0, -4.0, 130, 33668.0, 2
5544, 31, -0.9, 330, 195.0, -2.0, 13.0, -2.0, 130, 33798.0, 0
5597, 32, 1.1, 326, 187.8, -1.0, 12.0, 1.0, 126, 33924.0, -4
5650, 32, 0.5000000000000001, 338, 210.6, -1.0, 11.0, 0.0, 138, 34062.0, 12
5706, 28, -4.4, 336, 203.4, -5.0, 6.0, -4.0, 136, 34198.0, -2
5758, 28, -2.9, 340, 211.2, -5.0, 1.0, 0.0, 140, 34338.0, 4
5808, 29, -2.2, 334, 199.2, -4.0, -3.0, 1.0, 134, 34472.0, -6
5864, 28, -4.3, 334, 201.0, -5.0, -8.0, -1.0, 134, 34606.0, 0
5918, 28, -4.3, 347, 224.4, -5.0, -13.0, 0.0, 147, 34753.0, 13
5973, 33, 1.2, 353, 231.3, 0.0, -13.0, 5.0, 153, 34906.0, 6
6028, 41, 8.300000000000001, 334, 195.3, 8.0, -5.0, 8.0, 134, 35040.0, -19
6086, 40, 3.9, 326, 186.6, 7.0, 2.0, -1.0, 126, 35166.0, -8
6148, 40, 5.100000000000001, 326, 189.0, 7.0, 9.0, 0.0, 126, 35292.0, 0
6202, 35, -0.2000000000000002, 329, 194.4, 2.0, 11.0, -5.0, 129, 35421.0, 3
6256, 33, 0.1000000000000001, 330, 195.3, 0.0, 11.0, -2.0, 130, 35551.0, 1
6310, 31, -1.3, 321, 178.8, -2.0, 9.0, -2.0, 121, 35672.0, -9
6361, 32, 0.7000000000000001, 328, 194.1, -1.0, 8.0, 1.0, 128, 35800.0, 7
6416, 32, 0.1000000000000001, 328, 192.0, -1.0, 7.0, 0.0, 128, 35928.0, 0
6471, 31, -1.2, 328, 192.0, -2.0, 5.0, -1.0, 128, 36056.0, 0
6528, 31, -0.9, 334, 202.8, -2.0, 3.0, 0.0, 134, 36190.0, 6
6584, 33, 1.3, 340, 211.8, 0.0, 3.0, 2.0, 140, 36330.0, 6
6638, 32, -0.9, 336, 202.8, -1.0, 2.0, -1.0, 136, 36466.0, -4
6694, 32, -0.5, 357, 241.8, -1.0, 1.0, 0.0, 157, 36623.0, 21
6748, 26, -7.800000000000001, 334, 194.1, -7.0, -6.0, -6.0, 134, 36757.0, -23
6804, 27, -4.3, 330, 193.8, -6.0, -12.0, 1.0, 130, 36887.0, -4
6857, 35, 4.2, 340, 213.0, 2.0, -10.0, 8.0, 140, 37027.0, 10
6913, 39, 5.199999999999999, 329, 190.2, 6.0, -4.0, 4.0, 129, 37156.0, -11
6967, 40, 5.0, 321, 179.1, 7.0, 3.0, 1.0, 121, 37277.0, -8
7018, 41, 6.4, 328, 194.1, 8.0, 11.0, 1.0, 128, 37405.0, 7
7077, 36, 0.7000000000000002, 328, 192.0, 3.0, 14.0, -5.0, 128, 37533.0, 0
7132, 32, -1.3, 326, 188.4, -1.0, 13.0, -4.0, 126, 37659.0, -2
7187, 28, -4.2, 326, 189.0, -5.0, 8.0, -4.0, 126, 37785.0, 0
7244, 31, 0.9000000000000002, 326, 189.0, -2.0, 6.0, 3.0, 126, 37911.0, 0
7297, 29, -3.2, 330, 196.2, -4.0, 2.0, -2.0, 130, 38041.0, 4
7352, 31, -0.2, 336, 205.8, -2.0, 0.0, 2.0, 136, 38177.0, 6
7409, 33, 1.0, 329, 191.4, 0.0, 0.0, 2.0, 129, 38306.0, -7
7467, 35, 2.4, 336, 206.1, 2.0, 2.0, 2.0, 136, 38442.0, 7
7521, 40, 7.600000000000001, 340, 211.2, 7.0, 9.0, 5.0, 140, 38582.0, 4
7576, 36, 1.0, 336, 202.8, 3.0, 12.0, -4.0, 136, 38718.0, -4
7630, 27, -7.5, 340, 211.2, -6.0, 6.0, -9.0, 140, 38858.0, 4
7687, 25, -6.0, 338, 206.4, -8.0, -2.0, -2.0, 138, 38996.0, -2
7746, 31, 1.4, 326, 185.4, -2.0, -4.0, 6.0, 126, 39122.0, -12
7796, 37, 5.4, 330, 196.2, 4.0, 0.0, 6.0, 130, 39252.0, 4
7856, 39, 5.199999999999999, 326, 187.8, 6.0, 6.0, 2.0, 126, 39378.0, -4
7909, 36, 1.2, 329, 194.4, 3.0, 9.0, -3.0, 129, 39507.0, 3
7959, 35, 1.8, 329, 193.5, 2.0, 11.0, -1.0, 129, 39636.0, 0
8016, 32, -1.1, 329, 193.5, -1.0, 10.0, -3.0, 129, 39765.0, 0
8069, 31, -0.9, 329, 193.5, -2.0, 8.0, -1.0, 129, 39894.0, 0
8125, 31, -0.5999999999999998, 329, 193.5, -2.0, 6.0, 0.0, 129, 40023.0, 0
8181, 29, -3.2, 329, 193.5, -4.0, 2.0, -2.0, 129, 40152.0, 0
8237, 30, -1.4, 329, 193.5, -3.0, -1.0, 1.0, 129, 40281.0, 0
8291, 33, 1.4, 340, 213.3, 0.0, -1.0, 3.0, 140, 40421.0, 11
8347, 34, 1.1, 338, 206.4, 1.0, 0.0, 1.0, 138, 40559.0, -2
8406, 35, 1.9, 340, 210.6, 2.0, 2.0, 1.0, 140, 40699.00000000001, 2
8460, 33, -0.8, 349, 226.2, 0.0, 2.0, -2.0, 149, 40848.0, 9
8516, 31, -2.2, 340, 207.3, -2.0, 0.0, -2.0, 140, 40988.0, -9
8574, 35, 3.4, 336, 202.8, 2.0, 2.0, 4.0, 136, 41124.0, -4
8628, 37, 4.0, 334, 200.4, 4.0, 6.0, 2.0, 134, 41258.0, -2
8686, 37, 3.4, 321, 177.6, 4.0, 10.0, 0.0, 121, 41379.0, -13
8736, 34, 0.2000000000000002, 334, 204.9, 1.0, 11.0, -3.0, 134, 41513.0, 13
8790, 35, 3.0, 336, 204.6, 2.0, 13.0, 1.0, 136, 41649.0, 2
8848, 34, 1.5, 329, 191.4, 1.0, 14.0, -1.0, 129, 41778.0, -7
8902, 31, -1.5, 326, 188.1, -2.0, 12.0, -3.0, 126, 41904.0, -3
8956, 28, -3.8, 326, 189.0, -5.0, 7.0, -3.0, 126, 42030.0, 0
9012, 27, -4.0, 328, 192.6, -6.0, 1.0, -1.0, 128, 42158.0, 2
9066, 29, -1.7, 329, 193.8, -4.0, -3.0, 2.0, 129, 42287.0, 1
9118, 31, -0.7, 328, 191.7, -2.0, -5.0, 2.0, 128, 42415.0, -1
9177, 31, -1.9, 328, 192.0, -2.0, -7.0, 0.0, 128, 42543.00000000001, 0
9227, 31, -2.1, 321, 179.4, -2.0, -9.0, 0.0, 121, 42664.0, -7
9280, 35, 2.5, 326, 190.5, 2.0, -7.0, 4.0, 126, 42790.0, 5
9334, 35, 0.7, 326, 189.0, 2.0, -5.0, 0.0, 126, 42916.0, 0
9388, 31, -3.9, 308, 156.6, -2.0, -7.0, -4.0, 108, 43024.0, -18
9447, 33, 0.2999999999999999, 296, 140.4, 0.0, -7.0, 2.0, 96, 43120.0, -12
9501, 38, 5.3, 290, 133.2, 5.0, -2.0, 5.0, 90, 43210.00000000001, -6
9557, 40, 5.7, 281, 118.8, 7.0, 5.0, 2.0, 81, 43291.0, -9
