time, color, angle, distance, speed, color_dev, color_int, color_der, speed_dev, speed_int, speed_der
0, 38, 6.0, 878, 813.6000000000001, 5.0, 5.0, 5.0, 678, 678.0, 678.0
60, 39, 5.199999999999999, 877, 609.0000000000002, 6.0, 11.0, 1.0, 677, 1355.0, -1
118, 35, 0.5, 877, 609.3000000000001, 2.0, 13.0, -4.0, 677, 2032.0, 0
168, 37, 5.1, 877, 609.3000000000001, 4.0, 17.0, 2.0, 677, 2709.0, 0
222, 38, 5.7, 864, 593.7, 5.0, 22.0, 1.0, 664, 3373.000000000001, -13
282, 40, 8.100000000000001, 873, 608.4000000000001, 7.0, 29.0, 2.0, 673, 4046.0, 9
332, 43, 11.4, 871, 603.2999999999999, 10.0, 39.0, 3.0, 671, 4717.000000000001, -2
387, 37, 3.699999999999999, 861, 591.9, 4.0, 43.0, -6.0, 661, 5378.0, -10
442, 32, 1.1, 887, 626.1, -1.0, 42.0, -5.0, 687, 6065.0, 26
496, 25, -4.899999999999999, 817, 534.3000000000001, -8.0, 34.0, -7.0, 617, 6682.000000000001, -70
550, 20, -8.199999999999999, 818, 556.5, -13.0, 21.0, -5.0, 618, 7300.000000000001, 1
604, 19, -8.199999999999999, 843, 586.2000000000001, -14.0, 7.0, -1.0, 643, 7943.000000000001, 25
657, 21, -6.699999999999999, 812, 541.5000000000001, -12.0, -5.0, 2.0, 612, 8555.0, -31
713, 22, -7.699999999999999, 788, 522.0, -11.0, -16.0, 1.0, 588, 9143.000000000001, -24
771, 24, -6.899999999999999, 812, 558.0000000000001, -9.0, -25.0, 2.0, 612, 9755.000000000001, 24
827, 31, -0.4000000000000004, 770, 500.4, -2.0, -27.0, 7.0, 570, 10325.0, -42
882, 39, 5.5, 762, 503.4000000000001, 6.0, -21.0, 8.0, 562, 10887.0, -8
939, 46, 10.5, 762, 505.8, 13.0, -8.0, 7.0, 562, 11449.0, 0
993, 49, 11.9, 736, 474.6, 16.0, 8.0, 3.0, 536, 11985.0, -26
1052, 46, 8.4, 744, 492.0, 13.0, 21.0, -3.0, 544, 12529.0, 8
1106, 42, 6.399999999999999, 740, 484.8, 9.0, 30.0, -4.0, 540, 13069.0, -4
1163, 31, -3.899999999999999, 721, 463.2000000000001, -2.0, 28.0, -11.0, 521, 13590.0, -19
1220, 22, -9.399999999999999, 720, 467.7, -11.0, 17.0, -9.0, 520, 14110.0, -1
1274, 17, -12.0, 706, 451.2, -16.0, 1.0, -5.0, 506, 14616.0, -14
1338, 22, -5.1, 693, 439.8000000000001, -11.0, -10.0, 5.0, 493, 15109.0, -13
1392, 39, 11.7, 679, 426.9, 6.0, -4.0, 17.0, 479, 15588.0, -14
1445, 48, 14.6, 679, 431.1, 15.0, 11.0, 9.0, 479, 16067.0, 0
1500, 46, 9.199999999999999, 670, 420.3, 13.0, 24.0, -2.0, 470, 16537.0, -9
1553, 39, 3.1, 670, 423.0, 6.0, 30.0, -7.0, 470, 17007.0, 0
1607, 29, -4.8, 670, 423.0, -4.0, 26.0, -10.0, 470, 17477.0, 0
1666, 22, -8.6, 670, 423.0, -11.0, 15.0, -7.0, 470, 17947.0, 0
1727, 19, -9.800000000000001, 590, 327.0, -14.0, 1.0, -3.0, 390, 18337.0, -80
1785, 24, -3.699999999999999, 661, 436.2000000000001, -9.0, -8.0, 5.0, 461, 18798.0, 71
1835, 33, 3.7, 580, 317.7, 0.0, -8.0, 9.0, 380, 19178.0, -81
1885, 40, 7.600000000000001, 672, 452.4, 7.0, -1.0, 7.0, 472, 19650.0, 92
1936, 46, 12.0, 633, 378.0, 13.0, 12.0, 6.0, 433, 20083.0, -39
1993, 46, 10.3, 614, 366.9, 13.0, 25.0, 0.0, 414, 20497.0, -19
2054, 43, 8.0, 597, 352.2, 10.0, 35.0, -3.0, 397, 20894.0, -17
2109, 31, -3.899999999999999, 590, 348.9, -2.0, 33.0, -12.0, 390, 21284.0, -7
2163, 21, -10.1, 580, 339.0, -12.0, 21.0, -10.0, 380, 21664.0, -10
2222, 13, -15.9, 563, 321.6, -20.0, 1.0, -8.0, 363, 22027.0, -17
2273, 16, -10.3, 544, 303.9000000000001, -17.0, -16.0, 3.0, 344, 22371.0, -19
2325, 23, -5.1, 546, 312.0000000000001, -10.0, -26.0, 7.0, 346, 22717.0, 2
2376, 36, 6.0, 510, 268.2, 3.0, -23.0, 13.0, 310, 23027.0, -36
2434, 48, 14.2, 527, 299.4, 15.0, -8.0, 12.0, 327, 23354.0, 17
2495, 45, 6.1, 515, 279.9, 12.0, 4.0, -3.0, 315, 23669.0, -12
2550, 42, 5.199999999999999, 511, 278.7, 9.0, 13.0, -3.0, 311, 23980.0, -4
2606, 34, -2.0, 504, 271.5, 1.0, 14.0, -8.0, 304, 24284.0, -7
2656, 28, -5.1, 477, 241.2, -5.0, 9.0, -6.0, 277, 24561.0, -27
2717, 21, -11.0, 473, 244.5, -12.0, -3.0, -7.0, 273, 24834.0, -4
2772, 27, -1.5, 479, 252.9, -6.0, -9.0, 6.0, 279, 25113.0, 6
2822, 38, 8.1, 475, 246.3, 5.0, -4.0, 11.0, 275, 25388.0, -4
2875, 45, 11.5, 464, 234.3, 12.0, 8.0, 7.0, 264, 25652.0, -11
2935, 41, 4.4, 473, 248.4, 8.0, 16.0, -4.0, 273, 25925.0, 9
2990, 24, -13.2, 454, 222.9, -9.0, 7.0, -17.0, 254, 26179.0, -19
3044, 24, -5.6, 456, 231.0, -9.0, -2.0, 0.0, 256, 26435.0, 2
3094, 35, 6.7, 455, 229.2, 2.0, 0.0, 11.0, 255, 26690.0, -1
3146, 43, 11.0, 445, 217.5, 10.0, 10.0, 8.0, 245, 26935.0, -10
3197, 43, 8.0, 447, 222.9, 10.0, 20.0, 0.0, 247, 27182.0, 2
3250, 34, -1.8, 439, 212.7, 1.0, 21.0, -9.0, 239, 27421.0, -8
3302, 30, -2.0, 446, 223.5, -3.0, 18.0, -4.0, 246, 27667.0, 7
3357, 31, 0.9000000000000002, 443, 217.8, -2.0, 16.0, 1.0, 243, 27910.0, -3
3411, 31, 0.2000000000000002, 439, 213.9, -2.0, 14.0, 0.0, 239, 28149.0, -4
3461, 28, -3.6, 427, 200.7, -5.0, 9.0, -3.0, 227, 28376.0, -12
3513, 26, -5.0, 433, 211.5, -7.0, 2.0, -2.0, 233, 28609.0, 6
3572, 26, -4.7, 428, 203.7, -7.0, -5.0, 0.0, 228, 28837.0, -5
3626, 30, -0.5999999999999996, 420, 195.6, -3.0, -8.0, 4.0, 220, 29057.0, -8
3676, 34, 1.9, 425, 204.0, 1.0, -7.0, 4.0, 225, 29282.0, 5
3736, 35, 1.2, 433, 212.1, 2.0, -5.0, 1.0, 233, 29515.0, 8
3795, 35, 0.9, 427, 202.5, 2.0, -3.0, 0.0, 227, 29742.0, -6
3852, 37, 3.5, 416, 191.1, 4.0, 1.0, 2.0, 216, 29958.0, -11
3906, 42, 8.899999999999999, 420, 199.2, 9.0, 10.0, 5.0, 220, 30178.0, 4
3963, 40, 4.9, 429, 208.8, 7.0, 17.0, -2.0, 229, 30407.0, 9
4022, 31, -4.2, 437, 215.7, -2.0, 15.0, -9.0, 237, 30644.0, 8
4077, 27, -4.699999999999999, 427, 201.3, -6.0, 9.0, -4.0, 227, 30871.0, -10
4132, 30, 0.3000000000000003, 420, 195.9, -3.0, 6.0, 3.0, 220, 31091.0, -7
4192, 35, 4.5, 420, 198.0, 2.0, 8.0, 5.0, 220, 31311.0, 0
4251, 35, 2.2, 412, 188.4, 2.0, 10.0, 0.0, 212, 31523.0, -8
4305, 30, -3.6, 412, 190.8, -3.0, 7.0, -5.0, 212, 31735.0, 0
4361, 28, -3.8, 403, 180.0, -5.0, 2.0, -2.0, 203, 31938.0, -9
4414, 29, -2.1, 403, 182.7, -4.0, -2.0, 1.0, 203, 32141.0, 0
4470, 32, 0.6, 410, 191.1, -1.0, -3.0, 3.0, 210, 32351.0, 7
4526, 33, 0.2, 420, 201.0, 0.0, -3.0, 1.0, 220, 32571.0, 10
4577, 35, 2.1, 416, 193.2, 2.0, -1.0, 2.0, 216, 32787.0, -4
4640, 35, 1.3, 401, 176.4, 2.0, 1.0, 0.0, 201, 32988.0, -15
4692, 36, 2.7, 404, 184.5, 3.0, 4.0, 1.0, 204, 33192.0, 3
4742, 39, 6.1, 412, 193.2, 6.0, 10.0, 3.0, 212, 33404.0, 8
4797, 43, 10.0, 411, 189.6, 10.0, 20.0, 4.0, 211, 33615.0, -1
4851, 41, 6.6, 408, 186.3, 8.0, 28.0, -2.0, 208, 33823.0, -3
4908, 29, -6.0, 404, 182.4, -4.0, 24.0, -12.0, 204, 34027.0, -4
4958, 23, -7.6, 408, 188.4, -10.0, 14.0, -6.0, 208, 34235.0, 4
5012, 26, -2.0, 408, 187.2, -7.0, 7.0, 3.0, 208, 34443.0, 0
5070, 31, 1.8, 408, 187.2, -2.0, 5.0, 5.0, 208, 34651.0, 0
5122, 36, 5.1, 403, 181.2, 3.0, 8.0, 5.0, 203, 34854.0, -5
5173, 34, 0.5, 401, 180.3, 1.0, 9.0, -2.0, 201, 35055.0, -2
5225, 31, -2.0, 410, 191.7, -2.0, 7.0, -3.0, 210, 35265.0, 9
5280, 26, -6.7, 410, 189.0, -7.0, 0.0, -5.0, 210, 35475.0, 0
5337, 28, -2.5, 403, 180.6, -5.0, -5.0, 2.0, 203, 35678.0, -7
5391, 30, -1.6, 410, 191.1, -3.0, -8.0, 2.0, 210, 35888.0, 7
5443, 31, -1.7, 400, 177.0, -2.0, -10.0, 1.0, 200, 36088.0, -10
5499, 35, 2.4, 403, 183.6, 2.0, -8.0, 4.0, 203, 36291.0, 3
5553, 37, 3.0, 412, 193.5, 4.0, -4.0, 2.0, 212, 36503.0, 9
5611, 38, 3.6, 404, 181.2, 5.0, 1.0, 1.0, 204, 36707.0, -8
5663, 39, 4.8, 408, 188.4, 6.0, 7.0, 1.0, 208, 36915.0, 4
5717, 37, 2.5, 408, 187.2, 4.0, 11.0, -2.0, 208, 37123.0, 0
5773, 34, 0.3000000000000003, 399, 176.4, 1.0, 12.0, -3.0, 199, 37322.0, -9
5832, 31, -1.7, 408, 189.9, -2.0, 10.0, -3.0, 208, 37530.0, 9
5886, 29, -2.8, 401, 178.8, -4.0, 6.0, -2.0, 201, 37731.0, -7
5943, 33, 2.6, 408, 189.3, 0.0, 6.0, 4.0, 208, 37939.0, 7
5999, 38, 6.6, 412, 192.0, 5.0, 11.0, 5.0, 212, 38151.0, 4
6052, 37, 3.4, 402, 178.8, 4.0, 15.0, -1.0, 202, 38353.0, -10
6106, 34, 0.7000000000000002, 401, 180.6, 1.0, 16.0, -3.0, 201, 38554.0, -1
6162, 30, -2.5, 403, 183.3, -3.0, 13.0, -4.0, 203, 38757.0, 2
6222, 27, -4.399999999999999, 412, 193.5, -6.0, 7.0, -3.0, 212, 38969.0, 9
6273, 29, -1.1, 401, 177.6, -4.0, 3.0, 2.0, 201, 39170.0, -11
6328, 32, 1.1, 401, 180.9, -1.0, 2.0, 3.0, 201, 39371.0, 0
6382, 34, 1.9, 385, 161.7, 1.0, 3.0, 2.0, 185, 39556.0, -16
6436, 35, 2.2, 401, 185.7, 2.0, 5.0, 1.0, 201, 39757.0, 16
6491, 32, -1.7, 401, 180.9, -1.0, 4.0, -3.0, 201, 39958.0, 0
6545, 31, -1.5, 420, 203.7, -2.0, 2.0, -1.0, 220, 40178.0, 19
6601, 32, 0.0, 393, 165.6, -1.0, 1.0, 1.0, 193, 40371.00000000001, -27
6652, 36, 4.199999999999999, 402, 184.5, 3.0, 4.0, 4.0, 202, 40573.00000000001, 9
6705, 39, 6.1, 401, 180.6, 6.0, 10.0, 3.0, 201, 40774.0, -1
6761, 36, 1.6, 393, 171.3, 3.0, 13.0, -3.0, 193, 40967.0, -8
6815, 33, -0.2, 404, 186.9, 0.0, 13.0, -3.0, 204, 41171.0, 11
6871, 31, -1.1, 412, 193.2, -2.0, 11.0, -2.0, 212, 41383.0, 8
6925, 34, 3.3, 416, 195.6, 1.0, 12.0, 3.0, 216, 41599.0, 4
6986, 34, 1.9, 391, 164.4, 1.0, 13.0, 0.0, 191, 41790.0, -25
7042, 34, 2.0, 391, 171.9, 1.0, 14.0, 0.0, 191, 41981.0, 0
7093, 32, -0.2999999999999999, 391, 171.9, -1.0, 13.0, -2.0, 191, 42172.0, 0
7144, 28, -4.2, 403, 186.3, -5.0, 8.0, -4.0, 203, 42375.0, 12
7203, 28, -2.7, 412, 193.5, -5.0, 3.0, 0.0, 212, 42587.0, 9
7258, 29, -2.0, 397, 172.8, -4.0, -1.0, 1.0, 197, 42784.0, -15
7313, 29, -2.9, 393, 172.5, -4.0, -5.0, 0.0, 193, 42977.0, -4
7363, 31, -0.9, 401, 183.3, -2.0, -7.0, 2.0, 201, 43178.0, 8
7416, 35, 2.7, 397, 176.1, 2.0, -5.0, 4.0, 197, 43375.0, -4
7466, 35, 0.9, 393, 172.5, 2.0, -3.0, 0.0, 193, 43568.0, -4
7522, 37, 3.5, 393, 173.7, 4.0, 1.0, 2.0, 193, 43761.0, 0
7573, 38, 4.1, 397, 178.5, 5.0, 6.0, 1.0, 197, 43958.0, 4
7631, 41, 7.7, 399, 179.7, 8.0, 14.0, 3.0, 199, 44157.0, 2
7684, 39, 4.6, 404, 185.1, 6.0, 20.0, -2.0, 204, 44361.00000000001, 5
7741, 33, -1.0, 399, 177.6, 0.0, 20.0, -6.0, 199, 44560.0, -5
7800, 28, -4.0, 401, 181.5, -5.0, 15.0, -5.0, 201, 44761.00000000001, 2
7855, 28, -2.0, 395, 173.7, -5.0, 10.0, 0.0, 195, 44956.0, -6
7911, 31, 1.1, 399, 180.3, -2.0, 8.0, 3.0, 199, 45155.0, 4
7962, 37, 6.6, 403, 183.9, 4.0, 12.0, 6.0, 203, 45358.0, 4
8014, 35, 1.6, 408, 188.7, 2.0, 14.0, -2.0, 208, 45566.0, 5
8066, 31, -2.0, 412, 192.0, -2.0, 12.0, -4.0, 212, 45778.0, 4
8121, 26, -6.2, 401, 177.6, -7.0, 5.0, -5.0, 201, 45979.0, -11
8178, 26, -4.4, 410, 191.7, -7.0, -2.0, 0.0, 210, 46189.0, 9
8232, 30, -0.2999999999999998, 397, 173.4, -3.0, -5.0, 4.0, 197, 46386.0, -13
8285, 32, -0.2000000000000002, 389, 167.7, -1.0, -6.0, 2.0, 189, 46575.00000000001, -8
8342, 33, -0.1000000000000001, 397, 179.7, 0.0, -6.0, 1.0, 197, 46772.0, 8
8396, 33, -0.6000000000000001, 397, 177.3, 0.0, -6.0, 0.0, 197, 46969.0, 0
8451, 33, -0.6000000000000001, 416, 200.1, 0.0, -6.0, 0.0, 216, 47185.00000000001, 19
8504, 33, -0.6000000000000001, 401, 176.4, 0.0, -6.0, 0.0, 201, 47386.0, -15
8561, 37, 4.199999999999999, 401, 180.9, 4.0, -2.0, 4.0, 201, 47587.0, 0
8619, 41, 7.4, 392, 170.1, 8.0, 6.0, 4.0, 192, 47779.0, -9
8672, 38, 2.6, 397, 178.8, 5.0, 11.0, -3.0, 197, 47976.0, 5
8734, 32, -2.6, 365, 138.9, -1.0, 10.0, -6.0, 165, 48141.0, -32
8786, 32, 0.3, 399, 189.3, -1.0, 9.0, 0.0, 199, 48340.00000000001, 34
8839, 35, 3.8, 404, 185.1, 2.0, 11.0, 3.0, 204, 48544.0, 5
8890, 33, 0.1000000000000001, 406, 186.0, 0.0, 11.0, -2.0, 206, 48750.0, 2
8951, 33, 1.1, 411, 191.4, 0.0, 11.0, 0.0, 211, 48961.00000000001, 5
9012, 31, -1.3, 412, 191.1, -2.0, 9.0, -2.0, 212, 49173.0, 1
9073, 27, -5.3, 408, 186.0, -6.0, 3.0, -4.0, 208, 49381.0, -4
9124, 27, -3.899999999999999, 404, 182.4, -6.0, -3.0, 0.0, 204, 49585.0, -4
9175, 31, 0.3, 401, 180.0, -2.0, -5.0, 4.0, 201, 49786.0, -3
9236, 36, 4.1, 403, 183.3, 3.0, -2.0, 5.0, 203, 49989.0, 2
9294, 34, -0.5, 397, 175.5, 1.0, -1.0, -2.0, 197, 50186.0, -6
9353, 32, -1.8, 397, 177.3, -1.0, -2.0, -2.0, 197, 50383.0, 0
9405, 30, -3.3, 401, 182.1, -3.0, -5.0, -2.0, 201, 50584.00000000001, 4
9465, 33, 1.0, 397, 176.1, 0.0, -5.0, 3.0, 197, 50781.0, -4
9521, 39, 6.699999999999999, 401, 182.1, 6.0, 1.0, 6.0, 201, 50982.0, 4
9571, 46, 12.7, 401, 180.9, 13.0, 14.0, 7.0, 201, 51183.00000000001, 0
9624, 40, 3.300000000000001, 403, 183.3, 7.0, 21.0, -6.0, 203, 51386.0, 2
9675, 29, -6.199999999999999, 408, 188.7, -4.0, 17.0, -11.0, 208, 51594.00000000001, 5
9730, 23, -8.300000000000001, 412, 192.0, -10.0, 7.0, -6.0, 212, 51806.0, 4
9785, 25, -3.899999999999999, 408, 186.0, -8.0, -1.0, 2.0, 208, 52014.0, -4
9843, 37, 8.699999999999999, 401, 178.8, 4.0, 3.0, 12.0, 201, 52215.0, -7
9901, 41, 7.9, 397, 176.1, 8.0, 11.0, 4.0, 197, 52412.0, -4
9955, 38, 3.1, 411, 194.1, 5.0, 16.0, -3.0, 211, 52623.00000000001, 14
10011, 29, -5.699999999999999, 410, 188.7, -4.0, 12.0, -9.0, 210, 52833.00000000001, -1
10068, 23, -8.800000000000001, 410, 189.0, -10.0, 2.0, -6.0, 210, 53043.0, 0
10125, 26, -3.2, 393, 168.6, -7.0, -5.0, 3.0, 193, 53236.0, -17
10181, 29, -1.8, 401, 183.3, -4.0, -9.0, 3.0, 201, 53437.0, 8
10233, 31, -1.3, 427, 212.1, -2.0, -11.0, 2.0, 227, 53664.00000000001, 26
10291, 32, -1.3, 410, 183.9, -1.0, -12.0, 1.0, 210, 53874.0, -17
10343, 37, 4.1, 326, 88.2, 4.0, -8.0, 5.0, 126, 54000.0, -84
10396, 41, 6.8, 408, 211.8, 8.0, 0.0, 4.0, 208, 54208.0, 82
10451, 49, 15.2, 357, 126.0, 16.0, 16.0, 8.0, 157, 54365.00000000001, -51
10509, 47, 10.4, 357, 141.3, 14.0, 30.0, -2.0, 157, 54522.0, 0
10561, 42, 6.800000000000001, 347, 129.3, 9.0, 39.0, -5.0, 147, 54669.0, -10
