time, color, angle, distance, speed, color_dev, color_int, color_der, speed_dev, speed_int, speed_der
0, 6, -29.7, 871, 1207.8, -27.0, -27.0, -27.0, 671, 671.0, 671.0
52, 6, -18.9, 872, 1008.3, -27.0, -54.0, 0.0, 672, 1343.0, 1
104, 7, -20.5, 871, 1006.2, -26.0, -80.0, 1.0, 671, 2014.0, -1
154, 15, -14.8, 873, 1010.1, -18.0, -98.00000000000001, 8.0, 673, 2687.0, 2
211, 35, 1.399999999999999, 879, 1020.3, 2.0, -96.00000000000001, 20.0, 679, 3366.000000000001, 6
265, 55, 13.6, 879, 1018.5, 22.0, -74.0, 20.0, 679, 4045.000000000001, 0
321, 64, 15.7, 887, 1032.9, 31.0, -43.0, 9.0, 687, 4732.0, 8
372, 67, 17.6, 877, 1012.5, 34.0, -9.0, 3.0, 677, 5409.000000000001, -10
429, 65, 17.3, 788, 855.2999999999999, 32.0, 23.0, -2.0, 588, 5997.0, -89
484, 61, 17.1, 808, 918.0, 28.0, 51.00000000000001, -4.0, 608, 6605.0, 20
540, 59, 19.7, 826, 944.4000000000001, 26.0, 77.0, -2.0, 626, 7231.000000000001, 18
591, 62, 26.6, 873, 1023.6, 29.0, 106.0, 3.0, 673, 7904.000000000001, 47
642, 57, 22.5, 849, 966.3, 24.0, 130.0, -5.0, 649, 8553.000000000001, -24
695, 46, 15.3, 826, 932.1, 13.0, 143.0, -11.0, 626, 9179.0, -23
752, 19, -7.6, 792, 877.8, -14.0, 129.0, -27.0, 592, 9771.000000000001, -34
805, 9, -6.5, 786, 877.2, -24.0, 105.0, -10.0, 586, 10357.0, -6
860, 6, -7.199999999999999, 774, 857.4, -27.0, 78.00000000000001, -3.0, 574, 10931.0, -12
912, 5, -9.5, 750, 817.7999999999999, -28.0, 50.0, -1.0, 550, 11481.0, -24
970, 5, -11.8, 772, 864.6000000000001, -28.0, 22.0, 0.0, 572, 12053.0, 22
1031, 5, -14.6, 772, 858.0, -28.0, -6.0, 0.0, 572, 12625.0, 0
1083, 5, -17.4, 772, 858.0, -28.0, -34.0, 0.0, 572, 13197.0, 0
1140, 5, -20.2, 772, 858.0, -28.0, -62.0, 0.0, 572, 13769.0, 0
1196, 6, -21.9, 772, 858.0, -27.0, -89.0, 1.0, 572, 14341.0, 0
1256, 7, -24.0, 718, 760.8, -26.0, -115.0, 1.0, 518, 14859.0, -54
1310, 26, -6.200000000000001, 718, 777.0, -7.0, -122.0, 19.0, 518, 15377.0, 0
1364, 52, 12.2, 705, 753.6, 19.0, -103.0, 26.0, 505, 15882.0, -13
1419, 61, 11.0, 712, 770.1000000000001, 28.0, -75.0, 9.0, 512, 16394.0, 7
1472, 62, 10.4, 681, 712.2000000000001, 29.0, -46.00000000000001, 1.0, 481, 16875.0, -31
1528, 67, 18.3, 687, 732.3, 34.0, -12.0, 5.0, 487, 17362.0, 6
1582, 65, 17.0, 662, 685.5, 32.0, 20.0, -2.0, 462, 17824.0, -25
1637, 64, 20.1, 668, 703.7999999999999, 31.0, 51.00000000000001, -1.0, 468, 18292.0, 6
1691, 65, 24.8, 660, 687.6, 32.0, 83.00000000000001, 1.0, 460, 18752.0, -8
1748, 59, 20.9, 660, 690.0, 26.0, 109.0, -6.0, 460, 19212.0, 0
1803, 48, 14.4, 660, 690.0, 15.0, 124.0, -11.0, 460, 19672.0, 0
1859, 27, -1.699999999999999, 677, 720.6, -6.0, 118.0, -21.0, 477, 20149.0, 17
1912, 10, -10.5, 672, 706.5, -23.0, 95.0, -17.0, 472, 20621.0, -5
1971, 6, -8.699999999999999, 672, 708.0, -27.0, 68.00000000000001, -4.0, 472, 21093.0, 0
2024, 6, -9.399999999999999, 706, 769.2000000000001, -27.0, 41.00000000000001, 0.0, 506, 21599.0, 34
2082, 7, -11.0, 658, 672.6, -26.0, 15.0, 1.0, 458, 22057.0, -48
2137, 8, -13.0, 607, 595.2000000000001, -25.0, -10.0, 1.0, 407, 22464.0, -51
2191, 7, -17.1, 588, 576.3, -26.0, -36.0, -1.0, 388, 22852.0, -19
2244, 8, -18.1, 576, 560.4, -25.0, -61.00000000000001, 1.0, 376, 23228.0, -12
2303, 17, -11.2, 559, 533.4, -16.0, -77.0, 9.0, 359, 23587.0, -17
2356, 25, -8.5, 542, 507.9, -8.0, -85.0, 8.0, 342, 23929.0, -17
2409, 46, 9.800000000000001, 525, 482.4, 13.0, -72.0, 21.0, 325, 24254.0, -17
2460, 58, 13.8, 517, 473.1000000000001, 25.0, -47.0, 12.0, 317, 24571.0, -8
2514, 65, 18.0, 504, 452.1, 32.0, -15.0, 7.0, 304, 24875.0, -13
2574, 61, 13.3, 491, 432.6000000000001, 28.0, 13.0, -4.0, 291, 25166.0, -13
2631, 58, 14.8, 492, 438.3, 25.0, 38.0, -3.0, 292, 25458.0, 1
2686, 52, 12.2, 474, 405.6, 19.0, 57.0, -6.0, 274, 25732.0, -18
2741, 34, -2.699999999999999, 475, 412.8, 1.0, 58.00000000000001, -18.0, 275, 26007.0, 1
2800, 26, -2.399999999999999, 448, 363.9, -7.0, 51.00000000000001, -8.0, 248, 26255.0, -27
2854, 20, -5.699999999999999, 454, 382.8, -13.0, 38.0, -6.0, 254, 26509.0, 6
2909, 21, -2.9, 433, 343.2, -12.0, 26.0, 1.0, 233, 26742.0, -21
2962, 24, -1.3, 412, 311.7, -9.0, 17.0, 3.0, 212, 26954.0, -21
3019, 28, 0.7000000000000002, 410, 314.4, -5.0, 12.0, 4.0, 210, 27164.0, -2
3073, 30, 0.4, 397, 291.6, -3.0, 9.0, 2.0, 197, 27361.0, -13
3133, 28, -3.1, 391, 284.7, -5.0, 4.0, -2.0, 191, 27552.0, -6
3190, 21, -10.3, 376, 259.5, -12.0, -8.0, -7.0, 176, 27728.0, -15
3244, 23, -5.8, 376, 264.0, -10.0, -18.0, 2.0, 176, 27904.0, 0
3294, 27, -3.4, 376, 264.0, -6.0, -24.0, 4.0, 176, 28080.0, 0
3350, 31, -1.6, 376, 264.0, -2.0, -26.0, 4.0, 176, 28256.0, 0
3401, 37, 2.8, 374, 260.4, 4.0, -22.0, 6.0, 174, 28430.0, -2
3452, 35, -2.0, 366, 246.6, 2.0, -20.0, -2.0, 166, 28596.0, -8
3508, 35, -0.8, 361, 240.0, 2.0, -18.0, 0.0, 161, 28757.0, -5
3564, 37, 1.6, 355, 230.7, 4.0, -14.0, 2.0, 155, 28912.0, -6
3620, 46, 10.9, 353, 228.9, 13.0, -1.0, 9.0, 153, 29065.0, -2
3678, 49, 11.0, 357, 236.7, 16.0, 15.0, 3.0, 157, 29222.0, 4
3730, 43, 4.5, 355, 231.9, 10.0, 25.0, -6.0, 155, 29377.0, -2
3784, 33, -2.5, 345, 214.5, 0.0, 25.0, -10.0, 145, 29522.0, -10
3840, 28, -3.0, 347, 221.1, -5.0, 20.0, -5.0, 147, 29669.0, 2
3897, 27, -2.1, 348, 222.3, -6.0, 14.0, -1.0, 148, 29817.0, 1
3951, 30, 1.1, 348, 222.0, -3.0, 11.0, 3.0, 148, 29965.0, 0
4004, 31, 0.4, 345, 216.6, -2.0, 9.0, 1.0, 145, 30110.0, -3
4059, 28, -3.6, 348, 222.9, -5.0, 4.0, -3.0, 148, 30258.0, 3
4113, 26, -4.8, 340, 207.6, -7.0, -3.0, -2.0, 140, 30398.0, -8
4164, 29, -1.2, 340, 210.0, -4.0, -7.0, 3.0, 140, 30538.0, 0
4216, 33, 1.3, 345, 219.0, 0.0, -7.0, 4.0, 145, 30683.0, 5
4269, 34, 0.3999999999999999, 340, 208.5, 1.0, -6.0, 1.0, 140, 30823.0, -5
4323, 34, 0.0, 338, 206.4, 1.0, -5.0, 0.0, 138, 30961.0, -2
4381, 36, 2.3, 347, 223.2, 3.0, -2.0, 2.0, 147, 31108.0, 9
4434, 38, 3.8, 338, 204.3, 5.0, 3.0, 2.0, 138, 31246.0, -9
4490, 37, 2.2, 338, 207.0, 4.0, 7.0, -1.0, 138, 31384.0, 0
4542, 35, 0.9, 329, 190.8, 2.0, 9.0, -2.0, 129, 31513.0, -9
4597, 35, 2.1, 336, 206.1, 2.0, 11.0, 0.0, 136, 31649.0, 7
4651, 33, 0.1000000000000001, 329, 191.4, 0.0, 11.0, -2.0, 129, 31778.0, -7
4705, 31, -1.1, 338, 209.7, -2.0, 9.0, -2.0, 138, 31916.0, 9
4756, 32, 0.8, 340, 210.6, -1.0, 8.0, 1.0, 140, 32056.0, 2
4812, 34, 2.4, 340, 210.0, 1.0, 9.0, 2.0, 140, 32196.0, 0
4866, 35, 2.6, 336, 202.8, 2.0, 11.0, 1.0, 136, 32332.0, -4
4917, 32, -1.0, 336, 204.0, -1.0, 10.0, -3.0, 136, 32468.0, 0
4973, 28, -4.0, 336, 204.0, -5.0, 5.0, -4.0, 136, 32604.0, 0
5023, 29, -1.4, 336, 204.0, -4.0, 1.0, 1.0, 136, 32740.0, 0
5078, 31, -0.1000000000000001, 336, 204.0, -2.0, -1.0, 2.0, 136, 32876.0, 0
5134, 33, 0.9, 340, 211.2, 0.0, -1.0, 2.0, 140, 33016.0, 4
5192, 37, 4.3, 338, 206.4, 4.0, 3.0, 4.0, 138, 33154.0, -2
5248, 41, 7.1, 334, 199.8, 8.0, 11.0, 4.0, 134, 33288.0, -4
5301, 41, 5.9, 338, 208.2, 8.0, 19.0, 0.0, 138, 33426.0, 4
5356, 36, 1.2, 334, 199.8, 3.0, 22.0, -5.0, 134, 33560.0, -4
5411, 32, -0.3999999999999999, 334, 201.0, -1.0, 21.0, -4.0, 134, 33694.0, 0
5461, 31, 0.4000000000000002, 334, 201.0, -2.0, 19.0, -1.0, 134, 33828.0, 0
5520, 29, -1.5, 334, 201.0, -4.0, 15.0, -2.0, 134, 33962.0, 0
5574, 28, -2.0, 334, 201.0, -5.0, 10.0, -1.0, 134, 34096.0, 0
5630, 27, -3.1, 338, 208.2, -6.0, 4.0, -1.0, 138, 34234.0, 4
5683, 30, 0.1000000000000001, 334, 199.8, -3.0, 1.0, 3.0, 134, 34368.0, -4
5740, 30, -1.7, 330, 193.8, -3.0, -2.0, 0.0, 130, 34498.0, -4
5798, 29, -3.1, 328, 191.4, -4.0, -6.0, -1.0, 128, 34626.0, -2
5849, 31, -0.8, 328, 192.0, -2.0, -8.0, 2.0, 128, 34754.0, 0
5901, 33, 0.2, 334, 202.8, 0.0, -8.0, 2.0, 134, 34888.0, 6
5955, 32, -1.9, 329, 192.0, -1.0, -9.0, -1.0, 129, 35017.0, -5
6010, 33, -0.4, 338, 209.7, 0.0, -9.0, 1.0, 138, 35155.0, 9
6064, 36, 2.4, 330, 192.6, 3.0, -6.0, 3.0, 130, 35285.0, -8
6119, 39, 4.5, 334, 202.2, 6.0, 0.0, 3.0, 134, 35419.0, 4
6174, 40, 4.7, 334, 201.0, 7.0, 7.0, 1.0, 134, 35553.0, 0
6228, 39, 3.8, 334, 201.0, 6.0, 13.0, -1.0, 134, 35687.0, 0
6285, 39, 4.9, 334, 201.0, 6.0, 19.0, 0.0, 134, 35821.0, 0
6344, 36, 2.2, 334, 201.0, 3.0, 22.0, -3.0, 134, 35955.0, 0
6400, 31, -1.5, 334, 201.0, -2.0, 20.0, -5.0, 134, 36089.0, 0
6454, 25, -5.8, 338, 208.2, -8.0, 12.0, -6.0, 138, 36227.0, 4
6508, 28, -0.2999999999999998, 330, 192.6, -5.0, 7.0, 3.0, 130, 36357.0, -8
6563, 32, 2.1, 334, 202.2, -1.0, 6.0, 4.0, 134, 36491.0, 4
6620, 29, -3.3, 334, 201.0, -4.0, 2.0, -3.0, 134, 36625.0, 0
6678, 29, -2.2, 334, 201.0, -4.0, -2.0, 0.0, 134, 36759.0, 0
6729, 31, -0.3999999999999999, 336, 204.6, -2.0, -4.0, 2.0, 136, 36895.0, 2
6783, 31, -1.6, 330, 193.2, -2.0, -6.0, 0.0, 130, 37025.0, -6
6837, 32, -0.7000000000000002, 334, 202.2, -1.0, -7.0, 1.0, 134, 37159.0, 4
6891, 35, 2.0, 334, 201.0, 2.0, -5.0, 3.0, 134, 37293.0, 0
6948, 35, 0.7, 334, 201.0, 2.0, -3.0, 0.0, 134, 37427.0, 0
6999, 37, 3.1, 330, 193.8, 4.0, 1.0, 2.0, 130, 37557.0, -4
7052, 38, 3.6, 334, 202.2, 5.0, 6.0, 1.0, 134, 37691.0, 4
7102, 36, 1.4, 330, 193.8, 3.0, 9.0, -2.0, 130, 37821.0, -4
7158, 36, 2.7, 334, 202.2, 3.0, 12.0, 0.0, 134, 37955.0, 4
7212, 35, 1.9, 336, 204.6, 2.0, 14.0, -1.0, 136, 38091.0, 2
7269, 32, -0.7, 336, 204.0, -1.0, 13.0, -3.0, 136, 38227.0, 0
7329, 28, -3.7, 334, 200.4, -5.0, 8.0, -4.0, 134, 38361.0, -2
7389, 29, -1.1, 330, 193.8, -4.0, 4.0, 1.0, 130, 38491.0, -4
7443, 30, -0.9, 334, 202.2, -3.0, 1.0, 1.0, 134, 38625.0, 4
7500, 33, 1.6, 338, 208.2, 0.0, 1.0, 3.0, 138, 38763.0, 4
7553, 34, 1.2, 336, 203.4, 1.0, 2.0, 1.0, 136, 38899.0, -2
7610, 32, -1.4, 334, 200.4, -1.0, 1.0, -2.0, 134, 39033.0, -2
7663, 31, -1.6, 330, 193.8, -2.0, -1.0, -1.0, 130, 39163.0, -4
7719, 29, -3.5, 334, 202.2, -4.0, -5.0, -2.0, 134, 39297.0, 4
7773, 31, -0.7000000000000002, 336, 204.6, -2.0, -7.0, 2.0, 136, 39433.0, 2
7829, 36, 3.6, 334, 200.4, 3.0, -4.0, 5.0, 134, 39567.0, -2
7888, 40, 5.8, 332, 197.4, 7.0, 3.0, 4.0, 132, 39699.0, -2
7943, 37, 1.2, 334, 201.6, 4.0, 7.0, -3.0, 134, 39833.0, 2
7993, 36, 2.0, 338, 208.2, 3.0, 10.0, -1.0, 138, 39971.0, 4
8049, 38, 5.0, 329, 190.8, 5.0, 15.0, 2.0, 129, 40100.0, -9
8107, 39, 5.6, 338, 209.7, 6.0, 21.0, 1.0, 138, 40238.0, 9
8160, 33, -0.9, 330, 192.6, 0.0, 21.0, -6.0, 130, 40368.0, -8
8211, 26, -5.6, 338, 209.4, -7.0, 14.0, -7.0, 138, 40506.0, 8
8262, 25, -3.9, 334, 199.8, -8.0, 6.0, -1.0, 134, 40640.0, -4
8319, 26, -3.1, 334, 201.0, -7.0, -1.0, 1.0, 134, 40774.0, 0
8372, 28, -2.1, 334, 201.0, -5.0, -6.0, 2.0, 134, 40908.0, 0
8429, 30, -1.4, 334, 201.0, -3.0, -9.0, 2.0, 134, 41042.00000000001, 0
8489, 36, 3.9, 330, 193.8, 3.0, -6.0, 6.0, 130, 41172.0, -4
8549, 35, 0.1, 338, 209.4, 2.0, -4.0, -1.0, 138, 41310.0, 8
8607, 31, -3.6, 338, 207.0, -2.0, -6.0, -4.0, 138, 41448.0, 0
8659, 31, -1.8, 338, 207.0, -2.0, -8.0, 0.0, 138, 41586.0, 0
8713, 36, 3.5, 334, 199.8, 3.0, -5.0, 5.0, 134, 41720.00000000001, -4
8769, 44, 10.1, 329, 192.0, 11.0, 6.0, 8.0, 129, 41849.0, -5
8822, 39, 1.7, 329, 193.5, 6.0, 12.0, -5.0, 129, 41978.0, 0
8879, 32, -2.9, 334, 202.5, -1.0, 11.0, -7.0, 134, 42112.0, 5
8935, 32, 0.5, 336, 204.6, -1.0, 10.0, 0.0, 136, 42248.0, 2
8989, 32, 0.4, 334, 200.4, -1.0, 9.0, 0.0, 134, 42382.0, -2
9040, 31, -0.7999999999999999, 330, 193.8, -2.0, 7.0, -1.0, 130, 42512.0, -4
9090, 28, -3.8, 330, 195.0, -5.0, 2.0, -3.0, 130, 42642.0, 0
9149, 29, -1.7, 334, 202.2, -4.0, -2.0, 1.0, 134, 42776.00000000001, 4
9209, 31, -0.3999999999999999, 334, 201.0, -2.0, -4.0, 2.0, 134, 42910.0, 0
9261, 31, -1.6, 326, 186.6, -2.0, -6.0, 0.0, 126, 43036.0, -8
9320, 31, -1.8, 328, 192.6, -2.0, -8.0, 0.0, 128, 43164.0, 2
9371, 33, 0.2, 321, 179.4, 0.0, -8.0, 2.0, 121, 43285.0, -7
9433, 33, -0.8, 321, 181.5, 0.0, -8.0, 0.0, 121, 43406.0, 0
9488, 33, -0.8, 321, 181.5, 0.0, -8.0, 0.0, 121, 43527.0, 0
9543, 35, 1.4, 322, 183.3, 2.0, -6.0, 2.0, 122, 43649.0, 1
