time, color, angle, distance, speed, color_dev, color_int, color_der, speed_dev, speed_int, speed_der
0, 24, -11.7, 883, 1229.4, -9.0, -9.0, -9.0, 683, 683.0, 683.0
51, 25, -6.8, 894, 1044.3, -8.0, -17.0, 1.0, 694, 1377.0, 11
102, 25, -8.1, 879, 1014.0, -8.0, -25.0, 0.0, 679, 2056.0, -15
153, 27, -6.299999999999999, 873, 1007.7, -6.0, -31.0, 2.0, 673, 2729.0, -6
204, 34, 1.2, 901, 1059.9, 1.0, -30.0, 7.0, 701, 3430.000000000001, 28
263, 46, 13.4, 877, 1008.3, 13.0, -17.0, 12.0, 677, 4107.0, -24
319, 47, 9.999999999999998, 879, 1019.1, 14.0, -3.0, 1.0, 679, 4786.0, 2
373, 44, 7.0, 853, 971.7000000000001, 11.0, 8.0, -3.0, 653, 5439.0, -26
430, 34, -3.4, 839, 954.2999999999999, 1.0, 9.0, -10.0, 639, 6078.0, -14
485, 23, -12.6, 833, 947.7, -10.0, -1.0, -11.0, 633, 6711.0, -6
536, 25, -5.5, 833, 949.5000000000001, -8.0, -9.0, 2.0, 633, 7344.0, 0
592, 33, 3.1, 819, 924.3, 0.0, -9.0, 8.0, 619, 7963.0, -14
650, 43, 12.1, 810, 912.2999999999999, 10.0, 1.0, 10.0, 610, 8573.0, -9
702, 42, 6.8, 819, 931.2000000000001, 9.0, 10.0, -1.0, 619, 9192.0, 9
760, 36, 0.3999999999999995, 773, 845.7000000000001, 3.0, 13.0, -6.0, 573, 9765.000000000001, -46
814, 30, -4.1, 765, 845.1000000000001, -3.0, 10.0, -6.0, 565, 10330.0, -8
864, 26, -6.6, 757, 833.1, -7.0, 3.0, -4.0, 557, 10887.0, -8
916, 26, -5.3, 757, 835.5, -7.0, -4.0, 0.0, 557, 11444.0, 0
967, 28, -3.4, 757, 835.5, -5.0, -9.0, 2.0, 557, 12001.0, 0
1021, 36, 5.5, 757, 835.5, 3.0, -6.0, 8.0, 557, 12558.0, 0
1075, 44, 12.2, 771, 860.7000000000001, 11.0, 5.0, 8.0, 571, 13129.0, 14
1131, 46, 11.9, 771, 856.5, 13.0, 18.0, 2.0, 571, 13700.0, 0
1185, 39, 3.1, 771, 856.5, 6.0, 24.0, -7.0, 571, 14271.0, 0
1240, 28, -7.1, 771, 856.5, -5.0, 19.0, -11.0, 571, 14842.0, 0
1295, 24, -7.3, 702, 732.3, -9.0, 10.0, -4.0, 502, 15344.0, -69
1352, 25, -4.899999999999999, 702, 753.0, -8.0, 2.0, 1.0, 502, 15846.0, 0
1406, 31, 1.6, 748, 835.8000000000001, -2.0, 0.0, 6.0, 548, 16394.0, 46
1463, 33, 1.0, 705, 744.6000000000001, 0.0, 0.0, 2.0, 505, 16899.0, -43
1520, 37, 5.199999999999999, 705, 757.5, 4.0, 4.0, 4.0, 505, 17404.0, 0
1573, 37, 3.6, 698, 744.9, 4.0, 8.0, 0.0, 498, 17902.0, -7
1627, 35, 1.4, 702, 754.2000000000001, 2.0, 10.0, -2.0, 502, 18404.0, 4
1683, 30, -3.899999999999999, 698, 745.7999999999999, -3.0, 7.0, -5.0, 498, 18902.0, -4
1734, 27, -5.6, 698, 747.0, -6.0, 1.0, -3.0, 498, 19400.0, 0
1790, 29, -2.1, 698, 747.0, -4.0, -3.0, 2.0, 498, 19898.0, 0
1844, 37, 6.9, 698, 747.0, 4.0, 1.0, 8.0, 498, 20396.0, 0
1897, 34, -0.6000000000000001, 649, 658.8, 1.0, 2.0, -3.0, 449, 20845.0, -49
1954, 34, 1.0, 625, 630.3, 1.0, 3.0, 0.0, 425, 21270.0, -24
2005, 37, 5.0, 635, 655.5, 4.0, 7.0, 3.0, 435, 21705.0, 10
2060, 37, 3.9, 588, 567.9, 4.0, 11.0, 0.0, 388, 22093.0, -47
2114, 39, 6.899999999999999, 588, 582.0, 6.0, 17.0, 2.0, 388, 22481.0, 0
2170, 35, 1.3, 586, 578.4, 2.0, 19.0, -4.0, 386, 22867.0, -2
2224, 30, -3.0, 580, 568.2, -3.0, 16.0, -5.0, 380, 23247.0, -6
2278, 28, -3.4, 546, 508.8, -5.0, 11.0, -2.0, 346, 23593.0, -34
2332, 27, -4.199999999999999, 551, 528.0, -6.0, 5.0, -1.0, 351, 23944.0, 5
2382, 26, -5.6, 534, 495.9, -7.0, -2.0, -1.0, 334, 24278.0, -17
2440, 32, 2.0, 519, 474.0, -1.0, -3.0, 6.0, 319, 24597.0, -15
2497, 40, 9.300000000000001, 500, 444.3000000000001, 7.0, 4.0, 8.0, 300, 24897.0, -19
2550, 46, 13.8, 499, 448.2, 13.0, 17.0, 6.0, 299, 25196.0, -1
2604, 43, 8.199999999999999, 473, 401.7, 10.0, 27.0, -3.0, 273, 25469.0, -26
2660, 31, -4.9, 496, 450.8999999999999, -2.0, 25.0, -12.0, 296, 25765.0, 23
2713, 21, -12.1, 474, 404.4, -12.0, 13.0, -10.0, 274, 26039.0, -22
2767, 19, -10.9, 474, 411.0, -14.0, -1.0, -2.0, 274, 26313.0, 0
2830, 23, -6.1, 456, 378.6, -10.0, -11.0, 4.0, 256, 26569.0, -18
2880, 28, -2.6, 455, 382.2, -5.0, -16.0, 5.0, 255, 26824.0, -1
2940, 44, 15.2, 490, 445.5, 11.0, -5.0, 16.0, 290, 27114.0, 35
2994, 46, 10.9, 490, 435.0000000000001, 13.0, 8.0, 2.0, 290, 27404.0, 0
3051, 44, 8.6, 590, 615.0, 11.0, 19.0, -2.0, 390, 27794.0, 100
3109, 36, 0.2999999999999998, 401, 244.8, 3.0, 22.0, -8.0, 201, 27995.0, -189
3166, 26, -8.399999999999999, 392, 285.3, -7.0, 15.0, -10.0, 192, 28187.0, -9
3223, 23, -8.0, 384, 273.6, -10.0, 5.0, -3.0, 184, 28371.0, -8
3277, 25, -4.899999999999999, 372, 254.4, -8.0, -3.0, 2.0, 172, 28543.0, -12
3333, 37, 8.9, 355, 227.4, 4.0, 1.0, 12.0, 155, 28698.0, -17
3390, 35, 0.7, 348, 219.9, 2.0, 3.0, -2.0, 148, 28846.0, -7
3445, 32, -2.0, 349, 223.8, -1.0, 2.0, -3.0, 149, 28995.0, 1
3501, 32, -0.6, 355, 234.3, -1.0, 1.0, 0.0, 155, 29150.0, 6
3560, 36, 4.5, 365, 250.5, 3.0, 4.0, 4.0, 165, 29315.0, 10
3610, 42, 10.6, 376, 267.3, 9.0, 13.0, 6.0, 176, 29491.0, 11
3671, 35, -0.6000000000000001, 372, 256.8, 2.0, 15.0, -7.0, 172, 29663.0, -4
3723, 27, -7.299999999999999, 365, 245.4, -6.0, 9.0, -8.0, 165, 29828.0, -7
3775, 24, -7.8, 357, 233.1, -9.0, 0.0, -3.0, 157, 29985.0, -8
3829, 27, -3.299999999999999, 355, 231.9, -6.0, -6.0, 3.0, 155, 30140.0, -2
3881, 31, -0.2000000000000002, 340, 205.5, -2.0, -8.0, 4.0, 140, 30280.0, -15
3935, 35, 2.8, 334, 199.2, 2.0, -6.0, 4.0, 134, 30414.0, -6
3987, 35, 1.0, 347, 224.4, 2.0, -4.0, 0.0, 147, 30561.0, 13
4041, 35, 1.2, 348, 222.3, 2.0, -2.0, 0.0, 148, 30709.0, 1
4100, 35, 1.4, 338, 204.0, 2.0, 0.0, 0.0, 138, 30847.0, -10
4157, 33, -1.0, 336, 203.4, 0.0, 0.0, -2.0, 136, 30983.0, -2
4211, 36, 3.899999999999999, 330, 193.2, 3.0, 3.0, 3.0, 130, 31113.0, -6
4267, 42, 10.5, 330, 195.0, 9.0, 12.0, 6.0, 130, 31243.0, 0
4321, 37, 1.9, 329, 193.2, 4.0, 16.0, -5.0, 129, 31372.0, -1
4381, 35, 2.2, 336, 206.1, 2.0, 18.0, -2.0, 136, 31508.0, 7
4432, 33, 0.8, 336, 204.0, 0.0, 18.0, -2.0, 136, 31644.0, 0
4484, 31, -0.7999999999999998, 340, 211.2, -2.0, 16.0, -2.0, 140, 31784.0, 4
4537, 29, -2.6, 336, 202.8, -4.0, 12.0, -2.0, 136, 31920.0, -4
4588, 28, -3.3, 338, 207.6, -5.0, 7.0, -1.0, 138, 32058.0, 2
4644, 28, -3.3, 340, 210.6, -5.0, 2.0, 0.0, 140, 32198.0, 2
4699, 29, -2.5, 336, 202.8, -4.0, -2.0, 1.0, 136, 32334.0, -4
4755, 32, 0.5, 330, 193.2, -1.0, -3.0, 3.0, 130, 32464.0, -6
4812, 33, 0.2, 321, 178.8, 0.0, -3.0, 1.0, 121, 32585.0, -9
4870, 32, -1.6, 326, 190.5, -1.0, -4.0, -1.0, 126, 32711.0, 5
4921, 31, -2.5, 329, 194.4, -2.0, -6.0, -1.0, 129, 32840.0, 3
4974, 29, -4.8, 328, 191.7, -4.0, -10.0, -2.0, 128, 32968.0, -1
5030, 28, -5.5, 328, 192.0, -5.0, -15.0, -1.0, 128, 33096.0, 0
5086, 35, 3.6, 328, 192.0, 2.0, -13.0, 7.0, 128, 33224.0, 0
5140, 45, 13.3, 336, 206.4, 12.0, -1.0, 10.0, 136, 33360.0, 8
5192, 45, 9.499999999999998, 329, 191.4, 12.0, 11.0, 0.0, 129, 33489.0, -7
5253, 40, 4.199999999999999, 340, 213.3, 7.0, 18.0, -5.0, 140, 33629.0, 11
5309, 36, 2.199999999999999, 340, 210.0, 3.0, 21.0, -4.0, 140, 33769.0, 0
5362, 31, -2.0, 349, 226.2, -2.0, 19.0, -5.0, 149, 33918.0, 9
5417, 29, -2.3, 340, 207.3, -4.0, 15.0, -2.0, 140, 34058.0, -9
5471, 30, -0.3999999999999995, 330, 192.0, -3.0, 12.0, 1.0, 130, 34188.0, -10
5531, 34, 4.0, 326, 187.8, 1.0, 13.0, 4.0, 126, 34314.0, -4
5587, 31, -1.8, 347, 226.8, -2.0, 11.0, -3.0, 147, 34461.0, 21
5642, 27, -5.699999999999999, 340, 207.9, -6.0, 5.0, -4.0, 140, 34601.0, -7
5696, 25, -6.899999999999999, 336, 202.8, -8.0, -3.0, -2.0, 136, 34737.0, -4
5751, 27, -4.1, 321, 177.0, -6.0, -9.0, 2.0, 121, 34858.0, -15
5805, 34, 3.4, 328, 194.1, 1.0, -8.0, 7.0, 128, 34986.0, 7
5860, 30, -5.199999999999999, 334, 202.8, -3.0, -11.0, -4.0, 134, 35120.0, 6
5914, 28, -6.1, 328, 190.2, -5.0, -16.0, -2.0, 128, 35248.0, -6
5970, 35, 3.5, 329, 193.8, 2.0, -14.0, 7.0, 129, 35377.0, 1
6020, 46, 14.5, 326, 188.1, 13.0, -1.0, 11.0, 126, 35503.0, -3
6071, 49, 14.2, 334, 203.4, 16.0, 15.0, 3.0, 134, 35637.0, 8
6121, 42, 5.199999999999999, 329, 192.0, 9.0, 24.0, -7.0, 129, 35766.0, -5
6171, 33, -2.1, 338, 209.7, 0.0, 24.0, -9.0, 138, 35904.0, 9
6221, 28, -4.1, 329, 190.8, -5.0, 19.0, -5.0, 129, 36033.0, -9
6271, 25, -6.0, 329, 193.5, -8.0, 11.0, -3.0, 129, 36162.0, 0
6328, 26, -3.999999999999999, 336, 206.1, -7.0, 4.0, 1.0, 136, 36298.0, 7
6379, 29, -1.3, 336, 204.0, -4.0, 0.0, 3.0, 136, 36434.0, 0
6432, 33, 2.0, 347, 223.8, 0.0, 0.0, 4.0, 147, 36581.0, 11
6482, 36, 3.899999999999999, 336, 200.7, 3.0, 3.0, 3.0, 136, 36717.0, -11
6540, 33, -1.2, 330, 193.2, 0.0, 3.0, -3.0, 130, 36847.0, -6
6599, 31, -2.3, 330, 195.0, -2.0, 1.0, -2.0, 130, 36977.0, 0
6650, 32, -0.2, 336, 205.8, -1.0, 0.0, 1.0, 136, 37113.0, 6
6700, 32, -0.7999999999999999, 329, 191.4, -1.0, -1.0, 0.0, 129, 37242.0, -7
6751, 30, -3.5, 330, 195.3, -3.0, -4.0, -2.0, 130, 37372.0, 1
6807, 31, -1.5, 326, 187.8, -2.0, -6.0, 1.0, 126, 37498.0, -4
6861, 35, 3.0, 328, 192.6, 2.0, -4.0, 4.0, 128, 37626.0, 2
6917, 39, 6.399999999999999, 328, 192.0, 6.0, 2.0, 4.0, 128, 37754.0, 0
6970, 39, 4.999999999999999, 329, 193.8, 6.0, 8.0, 0.0, 129, 37883.0, 1
7025, 39, 5.6, 334, 202.5, 6.0, 14.0, 0.0, 134, 38017.0, 5
7079, 36, 2.3, 340, 211.8, 3.0, 17.0, -3.0, 140, 38157.0, 6
7131, 30, -3.699999999999999, 338, 206.4, -3.0, 14.0, -6.0, 138, 38295.0, -2
7189, 26, -6.199999999999999, 340, 210.6, -7.0, 7.0, -4.0, 140, 38435.0, 2
7242, 26, -4.899999999999999, 329, 190.2, -7.0, 0.0, 0.0, 129, 38564.0, -11
7297, 32, 2.2, 345, 222.3, -1.0, -1.0, 6.0, 145, 38709.0, 16
7351, 33, 0.4, 321, 174.3, 0.0, -1.0, 1.0, 121, 38830.0, -24
7412, 32, -1.4, 329, 195.9, -1.0, -2.0, -1.0, 129, 38959.0, 8
7470, 32, -1.0, 334, 202.5, -1.0, -3.0, 0.0, 134, 39093.0, 5
7523, 33, 0.2, 336, 204.6, 0.0, -3.0, 1.0, 136, 39229.0, 2
7573, 38, 6.2, 334, 200.4, 5.0, 2.0, 5.0, 134, 39363.0, -2
7629, 37, 2.9, 329, 192.0, 4.0, 6.0, -1.0, 129, 39492.0, -5
7684, 31, -4.0, 329, 193.5, -2.0, 4.0, -6.0, 129, 39621.0, 0
7734, 31, -1.2, 329, 193.5, -2.0, 2.0, 0.0, 129, 39750.0, 0
7790, 35, 3.8, 334, 202.5, 2.0, 4.0, 4.0, 134, 39884.0, 5
7840, 37, 4.6, 338, 208.2, 4.0, 8.0, 2.0, 138, 40022.0, 4
7894, 36, 2.7, 334, 199.8, 3.0, 11.0, -1.0, 134, 40156.0, -4
7951, 34, 0.9000000000000002, 329, 192.0, 1.0, 12.0, -2.0, 129, 40285.0, -5
8009, 33, 0.7000000000000002, 336, 206.1, 0.0, 12.0, -1.0, 136, 40421.0, 7
8060, 31, -1.4, 329, 191.4, -2.0, 10.0, -2.0, 129, 40550.00000000001, -7
8120, 31, -0.5999999999999998, 338, 209.7, -2.0, 8.0, 0.0, 138, 40688.0, 9
8171, 33, 1.8, 340, 210.6, 0.0, 8.0, 2.0, 140, 40828.0, 2
8222, 33, 0.8, 334, 199.2, 0.0, 8.0, 0.0, 134, 40962.00000000001, -6
8273, 32, -0.4999999999999999, 336, 204.6, -1.0, 7.0, -1.0, 136, 41098.0, 2
8329, 31, -1.4, 329, 191.4, -2.0, 5.0, -1.0, 129, 41227.0, -7
8383, 30, -2.399999999999999, 328, 191.7, -3.0, 2.0, -1.0, 128, 41355.0, -1
8435, 29, -3.5, 328, 192.0, -4.0, -2.0, -1.0, 128, 41483.0, 0
8489, 30, -2.1, 329, 193.8, -3.0, -5.0, 1.0, 129, 41612.0, 1
8542, 33, 1.0, 321, 179.1, 0.0, -5.0, 3.0, 121, 41733.0, -8
8594, 37, 4.699999999999999, 330, 197.7, 4.0, -1.0, 4.0, 130, 41863.0, 9
8644, 41, 8.300000000000001, 334, 202.2, 8.0, 7.0, 4.0, 134, 41997.0, 4
8694, 39, 4.499999999999999, 334, 201.0, 6.0, 13.0, -2.0, 134, 42131.0, 0
8745, 36, 2.2, 349, 228.0, 3.0, 16.0, -3.0, 149, 42280.00000000001, 15
8799, 33, 0.1000000000000001, 349, 223.5, 0.0, 16.0, -3.0, 149, 42429.00000000001, 0
8853, 28, -4.9, 329, 187.5, -5.0, 11.0, -5.0, 129, 42558.0, -20
8910, 29, -1.6, 326, 188.1, -4.0, 7.0, 1.0, 126, 42684.00000000001, -3
8969, 31, 0.1000000000000001, 336, 207.0, -2.0, 5.0, 2.0, 136, 42820.0, 10
9021, 31, -1.1, 340, 211.2, -2.0, 3.0, 0.0, 140, 42960.0, 4
9072, 31, -1.3, 349, 226.2, -2.0, 1.0, 0.0, 149, 43109.0, 9
9130, 33, 1.1, 348, 221.7, 0.0, 1.0, 2.0, 148, 43257.0, -1
9184, 32, -1.2, 328, 186.0, -1.0, 0.0, -1.0, 128, 43385.0, -20
9234, 32, -0.7999999999999999, 321, 179.4, -1.0, -1.0, 0.0, 121, 43506.0, -7
9285, 33, 0.4, 321, 181.5, 0.0, -1.0, 1.0, 121, 43627.0, 0
9339, 31, -2.7, 321, 181.5, -2.0, -3.0, -2.0, 121, 43748.0, 0
9394, 30, -3.2, 321, 181.5, -3.0, -6.0, -1.0, 121, 43869.0, 0
9449, 31, -1.7, 303, 149.1, -2.0, -8.0, 1.0, 103, 43972.0, -18
9509, 40, 9.300000000000001, 294, 138.3, 7.0, -1.0, 9.0, 94, 44066.0, -9
9564, 44, 10.7, 285, 124.8, 11.0, 10.0, 4.0, 85, 44151.0, -9
