time, color, angle, distance, speed, color_dev, color_int, color_der, speed_dev, speed_int, speed_der
0, 28, -5.0, 863, 1193.4, -5.0, -5.0, -5.0, 663, 663.0, 663.0
60, 28, -3.0, 863, 994.5, -5.0, -10.0, 0.0, 663, 1326.0, 0
117, 34, 2.5, 873, 1012.5, 1.0, -9.0, 6.0, 673, 1999.0, 10
168, 42, 7.6, 861, 987.9, 9.0, 0.0, 8.0, 661, 2660.0, -12
223, 55, 17.5, 863, 995.1000000000001, 22.0, 22.0, 13.0, 663, 3323.0, 2
278, 62, 20.2, 856, 981.9000000000001, 29.0, 51.00000000000001, 7.0, 656, 3979.0, -7
336, 53, 10.6, 848, 969.6, 20.0, 71.00000000000001, -9.0, 648, 4627.000000000001, -8
390, 48, 12.1, 835, 948.6000000000001, 15.0, 86.0, -5.0, 635, 5262.0, -13
447, 36, 4.100000000000001, 817, 920.1000000000001, 3.0, 89.0, -12.0, 617, 5879.0, -18
506, 28, 2.4, 818, 927.3, -5.0, 84.0, -8.0, 618, 6497.0, 1
560, 24, 1.9, 818, 927.0, -9.0, 75.0, -4.0, 618, 7115.000000000001, 0
619, 14, -7.0, 794, 883.7999999999999, -19.0, 56.00000000000001, -10.0, 594, 7709.000000000001, -24
675, 13, -4.9, 810, 919.8, -20.0, 36.0, -1.0, 610, 8319.000000000001, 16
728, 11, -8.4, 810, 915.0, -22.0, 14.0, -2.0, 610, 8929.0, 0
781, 11, -9.600000000000001, 810, 915.0, -22.0, -8.0, 0.0, 610, 9539.0, 0
836, 11, -11.8, 750, 807.0, -22.0, -30.0, 0.0, 550, 10089.0, -60
887, 14, -11.0, 750, 825.0, -19.0, -49.0, 3.0, 550, 10639.0, 0
941, 22, -6.4, 750, 825.0, -11.0, -60.0, 8.0, 550, 11189.0, 0
992, 33, -0.5, 736, 799.7999999999999, 0.0, -60.0, 11.0, 536, 11725.0, -14
1048, 43, 4.0, 705, 748.2, 10.0, -50.0, 10.0, 505, 12230.0, -31
1098, 46, 3.0, 721, 786.3, 13.0, -37.0, 3.0, 521, 12751.0, 16
1148, 44, 0.8000000000000004, 721, 781.5, 11.0, -26.0, -2.0, 521, 13272.0, 0
1201, 46, 4.9, 693, 731.1, 13.0, -13.0, 2.0, 493, 13765.0, -28
1262, 46, 5.2, 714, 777.3, 13.0, 0.0, 0.0, 514, 14279.0, 21
1313, 50, 10.5, 689, 726.0, 17.0, 17.0, 4.0, 489, 14768.0, -25
1363, 52, 12.2, 661, 683.1, 19.0, 36.0, 2.0, 461, 15229.0, -28
1420, 50, 11.1, 677, 720.2999999999999, 17.0, 53.00000000000001, -2.0, 477, 15706.0, 16
1476, 46, 9.800000000000001, 666, 695.7000000000001, 13.0, 66.00000000000001, -4.0, 466, 16172.0, -11
1537, 34, 1.100000000000001, 654, 677.4, 1.0, 67.0, -12.0, 454, 16626.0, -12
1587, 23, -3.8, 645, 664.8, -10.0, 57.0, -11.0, 445, 17071.0, -9
1640, 19, -3.300000000000001, 630, 640.5, -14.0, 43.0, -4.0, 430, 17501.0, -15
1693, 17, -4.7, 626, 637.8, -16.0, 27.0, -2.0, 426, 17927.0, -4
1750, 15, -7.3, 618, 624.6, -18.0, 9.0, -2.0, 418, 18345.0, -8
1808, 14, -9.100000000000001, 598, 591.0, -19.0, -10.0, -1.0, 398, 18743.0, -20
1868, 19, -5.5, 586, 575.4, -14.0, -24.0, 5.0, 386, 19129.0, -12
1922, 25, -3.4, 582, 571.8, -8.0, -32.0, 6.0, 382, 19511.0, -4
1976, 27, -5.200000000000001, 559, 531.6000000000001, -6.0, -38.0, 2.0, 359, 19870.0, -23
2029, 28, -5.8, 326, 119.1, -5.0, -43.0, 1.0, 126, 19996.0, -233
2086, 33, -1.8, 491, 486.0, 0.0, -43.0, 5.0, 291, 20287.0, 165
2138, 39, 1.7, 506, 463.5, 6.0, -37.0, 6.0, 306, 20593.0, 15
2196, 42, 2.3, 492, 433.8, 9.0, -28.0, 3.0, 292, 20885.0, -14
2249, 41, 0.7000000000000002, 479, 414.6, 8.0, -20.0, -1.0, 279, 21164.0, -13
2308, 50, 11.0, 469, 400.5, 17.0, -3.0, 9.0, 269, 21433.0, -10
2368, 54, 12.2, 452, 372.9, 21.0, 18.0, 4.0, 252, 21685.0, -17
2423, 53, 11.3, 439, 354.6, 20.0, 38.0, -1.0, 239, 21924.0, -13
2477, 48, 8.800000000000001, 435, 351.3, 15.0, 53.00000000000001, -5.0, 235, 22159.0, -4
2532, 35, -0.2000000000000002, 326, 156.3, 2.0, 55.0, -13.0, 126, 22285.0, -109
2590, 29, 0.5000000000000004, 418, 354.6, -4.0, 51.00000000000001, -6.0, 218, 22503.0, 92
2649, 20, -5.9, 401, 296.4, -13.0, 38.0, -9.0, 201, 22704.0, -17
2701, 18, -4.699999999999999, 384, 270.9, -15.0, 23.0, -2.0, 184, 22888.0, -17
2752, 18, -5.2, 384, 276.0, -15.0, 8.0, 0.0, 184, 23072.0, 0
2807, 23, -1.7, 376, 261.6, -10.0, -2.0, 5.0, 176, 23248.0, -8
2860, 24, -4.2, 370, 253.2, -9.0, -11.0, 1.0, 170, 23418.0, -6
2917, 23, -6.6, 393, 296.4, -10.0, -21.0, -1.0, 193, 23611.0, 23
2970, 26, -4.100000000000001, 383, 271.5, -7.0, -28.0, 3.0, 183, 23794.0, -10
3021, 25, -7.300000000000001, 410, 323.1, -8.0, -36.0, -1.0, 210, 24004.0, 27
3072, 28, -4.600000000000001, 383, 266.4, -5.0, -41.00000000000001, 3.0, 183, 24187.0, -27
3132, 33, -1.600000000000001, 366, 243.9, 0.0, -41.00000000000001, 5.0, 166, 24353.0, -17
3187, 42, 4.9, 364, 245.4, 9.0, -32.0, 9.0, 164, 24517.0, -2
3246, 51, 10.3, 357, 233.4, 18.0, -14.0, 9.0, 157, 24674.0, -7
3298, 42, -1.4, 357, 235.5, 9.0, -5.0, -9.0, 157, 24831.0, 0
3356, 36, -2.0, 349, 221.1, 3.0, -2.0, -6.0, 149, 24980.0, -8
3413, 36, 1.3, 336, 200.1, 3.0, 1.0, 0.0, 136, 25116.0, -13
3480, 44, 9.600000000000001, 336, 204.0, 11.0, 12.0, 8.0, 136, 25252.0, 0
3532, 45, 7.700000000000001, 321, 177.0, 12.0, 24.0, 1.0, 121, 25373.0, -15
3588, 36, -0.5999999999999996, 329, 195.9, 3.0, 27.0, -9.0, 129, 25502.0, 8
3644, 32, 0.2000000000000002, 326, 188.1, -1.0, 26.0, -4.0, 126, 25628.0, -3
3697, 31, 1.1, 326, 189.0, -2.0, 24.0, -1.0, 126, 25754.0, 0
3755, 32, 2.4, 326, 189.0, -1.0, 23.0, 1.0, 126, 25880.0, 0
3811, 30, -0.2000000000000002, 321, 180.0, -3.0, 20.0, -2.0, 121, 26001.0, -5
3861, 26, -3.5, 321, 181.5, -7.0, 13.0, -4.0, 121, 26122.0, 0
3911, 26, -2.2, 321, 181.5, -7.0, 6.0, 0.0, 121, 26243.0, 0
3966, 27, -1.9, 326, 190.5, -6.0, 0.0, 1.0, 126, 26369.0, 5
4019, 29, -1.0, 326, 189.0, -4.0, -4.0, 2.0, 126, 26495.0, 0
4072, 31, -0.4000000000000002, 326, 189.0, -2.0, -6.0, 2.0, 126, 26621.0, 0
4128, 30, -2.6, 321, 180.0, -3.0, -9.0, -1.0, 121, 26742.0, -5
4185, 25, -7.4, 321, 181.5, -8.0, -17.0, -5.0, 121, 26863.0, 0
4238, 27, -3.700000000000001, 328, 194.1, -6.0, -23.0, 2.0, 128, 26991.0, 7
4297, 32, -0.3000000000000003, 329, 193.8, -1.0, -24.0, 5.0, 129, 27120.0, 1
4351, 37, 2.1, 340, 213.3, 4.0, -20.0, 5.0, 140, 27260.0, 11
4408, 39, 2.0, 334, 199.2, 6.0, -14.0, 2.0, 134, 27394.0, -6
4462, 38, 0.6000000000000001, 330, 193.8, 5.0, -9.0, -1.0, 130, 27524.0, -4
4517, 39, 2.600000000000001, 321, 178.8, 6.0, -3.0, 1.0, 121, 27645.0, -9
4576, 35, -1.3, 326, 190.5, 2.0, -1.0, -4.0, 126, 27771.0, 5
4631, 35, 0.9, 321, 180.0, 2.0, 1.0, 0.0, 121, 27892.0, -5
4687, 35, 1.1, 321, 181.5, 2.0, 3.0, 0.0, 121, 28013.0, 0
4742, 37, 3.3, 326, 190.5, 4.0, 7.0, 2.0, 126, 28139.0, 5
4798, 37, 2.7, 326, 189.0, 4.0, 11.0, 0.0, 126, 28265.0, 0
4856, 35, 1.1, 326, 189.0, 2.0, 13.0, -2.0, 126, 28391.0, 0
4907, 36, 3.3, 326, 189.0, 3.0, 16.0, 1.0, 126, 28517.0, 0
4962, 37, 4.1, 326, 189.0, 4.0, 20.0, 1.0, 126, 28643.0, 0
5016, 35, 2.0, 321, 180.0, 2.0, 22.0, -2.0, 121, 28764.0, -5
5070, 25, -6.8, 321, 181.5, -8.0, 14.0, -10.0, 121, 28885.0, 0
5128, 22, -5.600000000000001, 321, 181.5, -11.0, 3.0, -3.0, 121, 29006.0, 0
5181, 26, -1.2, 321, 181.5, -7.0, -4.0, 4.0, 121, 29127.0, 0
5236, 29, -0.9000000000000004, 321, 181.5, -4.0, -8.0, 3.0, 121, 29248.0, 0
5288, 30, -1.8, 321, 181.5, -3.0, -11.0, 1.0, 121, 29369.0, 0
5347, 31, -1.6, 321, 181.5, -2.0, -13.0, 1.0, 121, 29490.0, 0
5401, 32, -1.3, 321, 181.5, -1.0, -14.0, 1.0, 121, 29611.0, 0
5451, 34, 0.1, 321, 181.5, 1.0, -13.0, 2.0, 121, 29732.0, 0
5509, 35, 0.2, 321, 181.5, 2.0, -11.0, 1.0, 121, 29853.0, 0
5566, 32, -3.1, 321, 181.5, -1.0, -12.0, -3.0, 121, 29974.0, 0
5619, 31, -2.7, 321, 181.5, -2.0, -14.0, -1.0, 121, 30095.0, 0
5677, 32, -1.4, 321, 181.5, -1.0, -15.0, 1.0, 121, 30216.0, 0
5736, 35, 1.0, 321, 181.5, 2.0, -13.0, 3.0, 121, 30337.0, 0
5791, 35, -0.3, 321, 181.5, 2.0, -11.0, 0.0, 121, 30458.0, 0
5848, 39, 3.9, 321, 181.5, 6.0, -5.0, 4.0, 121, 30579.0, 0
5903, 44, 7.5, 329, 195.9, 11.0, 6.0, 5.0, 129, 30708.0, 8
5955, 45, 7.100000000000001, 329, 193.5, 12.0, 18.0, 1.0, 129, 30837.0, 0
6010, 41, 3.800000000000001, 334, 202.5, 8.0, 26.0, -4.0, 134, 30971.0, 5
6068, 30, -4.4, 330, 193.8, -3.0, 23.0, -11.0, 130, 31101.0, -4
6122, 27, -2.2, 321, 178.8, -6.0, 17.0, -3.0, 121, 31222.0, -9
6180, 31, 2.7, 321, 181.5, -2.0, 15.0, 4.0, 121, 31343.0, 0
6238, 32, 1.5, 321, 181.5, -1.0, 14.0, 1.0, 121, 31464.0, 0
6291, 34, 2.9, 321, 181.5, 1.0, 15.0, 2.0, 121, 31585.0, 0
6342, 33, 1.0, 321, 181.5, 0.0, 15.0, -1.0, 121, 31706.0, 0
6397, 31, -0.5, 321, 181.5, -2.0, 13.0, -2.0, 121, 31827.0, 0
6450, 29, -1.7, 321, 181.5, -4.0, 9.0, -2.0, 121, 31948.0, 0
6504, 29, -1.1, 320, 179.7, -4.0, 5.0, 0.0, 120, 32068.0, -1
6558, 28, -2.5, 320, 180.0, -5.0, 0.0, -1.0, 120, 32188.0, 0
6611, 29, -1.5, 321, 181.8, -4.0, -4.0, 1.0, 121, 32309.0, 1
6667, 31, -0.4000000000000002, 322, 183.3, -2.0, -6.0, 2.0, 122, 32431.0, 1
6721, 31, -1.6, 321, 181.2, -2.0, -8.0, 0.0, 121, 32552.0, -1
6776, 31, -1.8, 324, 186.9, -2.0, -10.0, 0.0, 124, 32676.0, 3
6830, 33, 0.0, 321, 180.6, 0.0, -10.0, 2.0, 121, 32797.0, -3
6886, 33, -1.0, 321, 181.5, 0.0, -10.0, 0.0, 121, 32918.0, 0
6946, 36, 2.0, 326, 190.5, 3.0, -7.0, 3.0, 126, 33044.0, 5
7000, 30, -5.2, 321, 180.0, -3.0, -10.0, -6.0, 121, 33165.0, -5
7056, 29, -3.5, 321, 181.5, -4.0, -14.0, -1.0, 121, 33286.0, 0
7109, 34, 1.6, 326, 190.5, 1.0, -13.0, 5.0, 126, 33412.0, 5
7165, 39, 4.2, 326, 189.0, 6.0, -7.0, 5.0, 126, 33538.0, 0
7220, 37, 0.3, 326, 189.0, 4.0, -3.0, -2.0, 126, 33664.0, 0
7276, 37, 1.7, 326, 189.0, 4.0, 1.0, 0.0, 126, 33790.0, 0
7329, 37, 2.1, 326, 189.0, 4.0, 5.0, 0.0, 126, 33916.0, 0
7395, 37, 2.5, 321, 180.0, 4.0, 9.0, 0.0, 121, 34037.0, -5
7448, 36, 1.9, 320, 179.7, 3.0, 12.0, -1.0, 120, 34157.0, -1
7506, 34, 0.7000000000000002, 321, 181.8, 1.0, 13.0, -2.0, 121, 34278.0, 1
7560, 32, -0.1999999999999998, 321, 181.5, -1.0, 12.0, -2.0, 121, 34399.0, 0
7615, 35, 3.7, 321, 181.5, 2.0, 14.0, 3.0, 121, 34520.0, 0
7669, 35, 2.4, 320, 179.7, 2.0, 16.0, 0.0, 120, 34640.0, -1
7719, 32, -0.3999999999999999, 321, 181.8, -1.0, 15.0, -3.0, 121, 34761.0, 1
7776, 31, 0.0, 321, 181.5, -2.0, 13.0, -1.0, 121, 34882.0, 0
7830, 30, -0.7000000000000002, 321, 181.5, -3.0, 10.0, -1.0, 121, 35003.0, 0
7880, 31, 0.5, 321, 181.5, -2.0, 8.0, 1.0, 121, 35124.0, 0
7932, 26, -5.2, 321, 181.5, -7.0, 1.0, -5.0, 121, 35245.0, 0
7985, 24, -5.4, 320, 179.7, -9.0, -8.0, -2.0, 120, 35365.0, -1
8039, 27, -2.300000000000001, 321, 181.8, -6.0, -14.0, 3.0, 121, 35486.0, 1
8092, 32, 0.6000000000000001, 321, 181.5, -1.0, -15.0, 5.0, 121, 35607.0, 0
8147, 37, 3.0, 321, 181.5, 4.0, -11.0, 5.0, 121, 35728.0, 0
8200, 38, 1.9, 320, 179.7, 5.0, -6.0, 1.0, 120, 35848.0, -1
8256, 35, -1.1, 320, 180.0, 2.0, -4.0, -3.0, 120, 35968.0, 0
8312, 33, -1.4, 320, 180.0, 0.0, -4.0, -2.0, 120, 36088.0, 0
8368, 33, -0.4, 320, 180.0, 0.0, -4.0, 0.0, 120, 36208.0, 0
8426, 34, 0.6, 321, 181.8, 1.0, -3.0, 1.0, 121, 36329.0, 1
8479, 35, 1.2, 321, 181.5, 2.0, -1.0, 1.0, 121, 36450.0, 0
8536, 33, -1.1, 321, 181.5, 0.0, -1.0, -2.0, 121, 36571.0, 0
8590, 34, 0.9, 321, 181.5, 1.0, 0.0, 1.0, 121, 36692.0, 0
8647, 37, 3.5, 308, 158.1, 4.0, 4.0, 3.0, 108, 36800.0, -13
8707, 39, 4.4, 321, 185.4, 6.0, 10.0, 2.0, 121, 36921.0, 13
8765, 39, 4.0, 321, 181.5, 6.0, 16.0, 0.0, 121, 37042.0, 0
8819, 35, 0.6000000000000001, 330, 197.7, 2.0, 18.0, -4.0, 130, 37172.0, 9
8874, 33, 0.8, 324, 184.2, 0.0, 18.0, -2.0, 124, 37296.0, -6
8928, 28, -3.2, 321, 180.6, -5.0, 13.0, -5.0, 121, 37417.0, -3
8989, 28, -1.2, 326, 190.5, -5.0, 8.0, 0.0, 126, 37543.0, 5
9043, 32, 2.3, 321, 180.0, -1.0, 7.0, 4.0, 121, 37664.0, -5
9098, 31, -0.8, 321, 181.5, -2.0, 5.0, -1.0, 121, 37785.0, 0
9154, 33, 1.5, 322, 183.3, 0.0, 5.0, 2.0, 122, 37907.0, 1
9205, 34, 1.5, 308, 157.8, 1.0, 6.0, 1.0, 108, 38015.0, -14
9259, 35, 2.1, 322, 187.2, 2.0, 8.0, 1.0, 122, 38137.0, 14
9315, 33, -0.2, 320, 179.4, 0.0, 8.0, -2.0, 120, 38257.0, -2
9368, 31, -1.2, 320, 180.0, -2.0, 6.0, -2.0, 120, 38377.0, 0
9418, 30, -1.4, 320, 180.0, -3.0, 3.0, -1.0, 120, 38497.0, 0
9471, 30, -1.2, 304, 151.2, -3.0, 0.0, 0.0, 104, 38601.0, -16
9528, 28, -3.5, 304, 156.0, -5.0, -5.0, -2.0, 104, 38705.0, 0
9582, 30, -1.0, 320, 184.8, -3.0, -8.0, 2.0, 120, 38825.0, 16
9636, 29, -3.3, 322, 183.6, -4.0, -12.0, -1.0, 122, 38947.0, 2
9690, 32, -0.2000000000000002, 321, 181.2, -1.0, -13.0, 3.0, 121, 39068.0, -1
9745, 37, 3.2, 326, 190.5, 4.0, -9.0, 5.0, 126, 39194.0, 5
9799, 38, 2.1, 321, 180.0, 5.0, -4.0, 1.0, 121, 39315.0, -5
9852, 36, 0.1000000000000001, 326, 190.5, 3.0, -1.0, -2.0, 126, 39441.0, 5
9916, 30, -4.6, 326, 189.0, -3.0, -4.0, -6.0, 126, 39567.0, 0
9971, 28, -3.9, 326, 189.0, -5.0, -9.0, -2.0, 126, 39693.0, 0
10021, 35, 3.6, 321, 180.0, 2.0, -7.0, 7.0, 121, 39814.0, -5
10081, 37, 2.3, 321, 181.5, 4.0, -3.0, 2.0, 121, 39935.0, 0
10142, 39, 3.7, 322, 183.3, 6.0, 3.0, 2.0, 122, 40057.0, 1
10195, 35, -0.7, 308, 157.8, 2.0, 5.0, -4.0, 108, 40165.00000000001, -14
10250, 36, 2.5, 298, 144.0, 3.0, 8.0, 1.0, 98, 40263.0, -10
10304, 38, 4.3, 290, 132.6, 5.0, 13.0, 2.0, 90, 40353.0, -8
10359, 39, 4.800000000000001, 326, 199.8, 6.0, 19.0, 1.0, 126, 40479.0, 36
10415, 34, -0.1000000000000001, 326, 189.0, 1.0, 20.0, -5.0, 126, 40605.0, 0
10472, 28, -3.5, 326, 189.0, -5.0, 15.0, -6.0, 126, 40731.0, 0
10526, 28, -1.0, 120, -181.8, -5.0, 10.0, 0.0, -80, 40651.0, -206
10580, 28, -1.5, 121, -118.2, -5.0, 5.0, 0.0, -79, 40572.0, 1
10647, 30, -2.220446049250313e-16, 138, -87.90000000000001, -3.0, 2.0, 2.0, -62, 40510.0, 17
10706, 33, 1.7, 149, -73.2, 0.0, 2.0, 3.0, -51, 40459.0, 11
10756, 31, -1.8, 164, -49.5, -2.0, 0.0, -2.0, -36, 40423.0, 15
10809, 30, -2.0, 179, -27.0, -3.0, -3.0, -1.0, -21, 40402.0, 15
