time, color, angle, distance, speed, color_dev, color_int, color_der, speed_dev, speed_int, speed_der
0, 17, -17.6, 865, 1396.5, -16.0, -16.0, -16.0, 665, 665.0, 665.0
53, 17, -11.2, 865, 1197.0, -16.0, -32.0, 0.0, 665, 1330.0, 0
109, 21, -8.4, 865, 1197.0, -12.0, -44.0, 4.0, 665, 1995.0, 0
167, 26, -6.100000000000001, 856, 1178.1, -7.0, -51.00000000000001, 5.0, 656, 2651.0, -9
223, 38, 3.899999999999999, 861, 1191.3, 5.0, -46.00000000000001, 12.0, 661, 3312.0, 5
277, 51, 12.7, 856, 1179.3, 18.0, -28.0, 13.0, 656, 3968.0, -5
337, 50, 6.9, 863, 1195.5, 17.0, -11.0, -1.0, 663, 4631.0, 7
394, 44, 2.5, 847, 1159.8, 11.0, 0.0, -6.0, 647, 5278.0, -16
448, 31, -7.7, 848, 1166.7, -2.0, -2.0, -13.0, 648, 5926.0, 1
505, 33, 0.8, 834, 1137.0, 0.0, -2.0, 2.0, 634, 6560.0, -14
571, 44, 11.9, 823, 1118.1, 11.0, 9.0, 11.0, 623, 7183.0, -11
628, 49, 13.0, 823, 1121.4, 16.0, 25.0, 5.0, 623, 7806.000000000001, 0
687, 44, 6.6, 808, 1089.9, 11.0, 36.0, -5.0, 608, 8414.0, -15
738, 31, -4.1, 794, 1065.0, -2.0, 34.0, -13.0, 594, 9008.000000000001, -14
790, 25, -4.4, 794, 1069.2, -8.0, 26.0, -6.0, 594, 9602.0, 0
847, 21, -6.6, 792, 1065.0, -12.0, 14.0, -4.0, 592, 10194.0, -2
903, 22, -4.7, 778, 1036.2, -11.0, 3.0, 1.0, 578, 10772.0, -14
958, 25, -3.0, 765, 1013.1, -8.0, -5.0, 3.0, 565, 11337.0, -13
1011, 29, -0.9, 764, 1014.9, -4.0, -9.0, 4.0, 564, 11901.0, -1
1061, 33, 1.1, 764, 1015.2, 0.0, -9.0, 4.0, 564, 12465.0, 0
1120, 35, 1.3, 750, 985.8000000000001, 2.0, -7.0, 2.0, 550, 13015.0, -14
1180, 33, -1.7, 750, 990.0, 0.0, -7.0, -2.0, 550, 13565.0, 0
1230, 33, -0.7000000000000001, 736, 960.6, 0.0, -7.0, 0.0, 536, 14101.0, -14
1287, 32, -1.8, 736, 964.8000000000001, -1.0, -8.0, -1.0, 536, 14637.0, 0
1341, 33, -0.3, 728, 948.0, 0.0, -8.0, 1.0, 528, 15165.0, -8
1397, 35, 1.4, 734, 963.0000000000001, 2.0, -6.0, 2.0, 534, 15699.0, 6
1451, 36, 1.7, 710, 910.8000000000001, 3.0, -3.0, 1.0, 510, 16209.0, -24
1506, 39, 4.8, 712, 922.2000000000001, 6.0, 3.0, 3.0, 512, 16721.0, 2
1560, 41, 6.1, 697, 890.1, 8.0, 11.0, 2.0, 497, 17218.0, -15
1611, 40, 4.8, 712, 926.1000000000001, 7.0, 18.0, -1.0, 512, 17730.0, 15
1666, 37, 2.7, 697, 890.1, 4.0, 22.0, -3.0, 497, 18227.0, -15
1718, 35, 2.4, 693, 886.2, 2.0, 24.0, -2.0, 493, 18720.0, -4
1778, 30, -1.9, 693, 887.4000000000001, -3.0, 21.0, -5.0, 493, 19213.0, 0
1837, 30, 0.3, 698, 897.8999999999999, -3.0, 18.0, 0.0, 498, 19711.0, 5
1889, 26, -4.4, 670, 837.6000000000001, -7.0, 11.0, -4.0, 470, 20181.0, -28
1946, 28, -0.9, 660, 825.0, -5.0, 6.0, 2.0, 460, 20641.0, -10
1996, 34, 4.2, 651, 809.1000000000001, 1.0, 7.0, 6.0, 451, 21092.0, -9
2049, 35, 2.4, 651, 811.8, 2.0, 9.0, 1.0, 451, 21543.0, 0
2099, 37, 4.3, 630, 767.7, 4.0, 13.0, 2.0, 430, 21973.0, -21
2155, 36, 2.6, 626, 765.6000000000001, 3.0, 16.0, -1.0, 426, 22399.0, -4
2209, 31, -2.1, 639, 794.1000000000001, -2.0, 14.0, -5.0, 439, 22838.0, 13
2265, 26, -5.3, 366, 216.9, -7.0, 7.0, -5.0, 166, 23004.0, -273
2318, 26, -3.5, 603, 796.5, -7.0, 0.0, 0.0, 403, 23407.0, 237
2376, 26, -4.2, 597, 712.8000000000001, -7.0, -7.0, 0.0, 397, 23804.0, -6
2429, 33, 2.8, 586, 691.5000000000001, 0.0, -7.0, 7.0, 386, 24190.0, -11
2484, 39, 5.9, 574, 669.6000000000001, 6.0, -1.0, 6.0, 374, 24564.0, -12
2537, 41, 5.7, 537, 595.5, 8.0, 7.0, 2.0, 337, 24901.0, -37
2590, 44, 8.800000000000001, 518, 566.7, 11.0, 18.0, 3.0, 318, 25219.0, -19
2646, 37, 0.7000000000000002, 544, 627.0, 4.0, 22.0, -7.0, 344, 25563.0, 26
2701, 33, 0.2000000000000002, 532, 594.0, 0.0, 22.0, -4.0, 332, 25895.0, -12
2757, 23, -8.800000000000001, 525, 582.9, -10.0, 12.0, -10.0, 325, 26220.0, -7
2812, 26, -1.5, 519, 572.4000000000001, -7.0, 5.0, 3.0, 319, 26539.0, -6
2869, 28, -1.5, 511, 557.4000000000001, -5.0, 0.0, 2.0, 311, 26850.0, -8
2924, 31, 0.3, 504, 545.1000000000001, -2.0, -2.0, 3.0, 304, 27154.0, -7
2984, 36, 4.1, 490, 517.8, 3.0, 1.0, 5.0, 290, 27444.0, -14
3035, 41, 7.4, 492, 526.2, 8.0, 9.0, 5.0, 292, 27736.0, 2
3088, 39, 3.5, 481, 502.5, 6.0, 15.0, -2.0, 281, 28017.0, -11
3142, 35, 0.7000000000000002, 474, 491.1, 2.0, 17.0, -4.0, 274, 28291.0, -7
3197, 33, 0.7000000000000002, 447, 436.5, 0.0, 17.0, -2.0, 247, 28538.0, -27
3251, 28, -3.8, 448, 446.7000000000001, -5.0, 12.0, -5.0, 248, 28786.0, 1
3306, 28, -1.8, 445, 440.1000000000001, -5.0, 7.0, 0.0, 245, 29031.0, -3
3361, 29, -1.2, 439, 428.4, -4.0, 3.0, 1.0, 239, 29270.0, -6
3417, 28, -3.2, 435, 421.8, -5.0, -2.0, -1.0, 235, 29505.0, -4
3471, 33, 2.3, 420, 391.5, 0.0, -2.0, 5.0, 220, 29725.0, -15
3527, 37, 4.2, 411, 377.1, 4.0, 2.0, 4.0, 211, 29936.0, -9
3581, 39, 4.8, 404, 365.1, 6.0, 8.0, 2.0, 204, 30140.0, -7
3632, 37, 2.2, 397, 352.5, 4.0, 12.0, -2.0, 197, 30337.0, -7
3686, 35, 1.4, 384, 327.3, 2.0, 14.0, -2.0, 184, 30521.0, -13
3739, 28, -5.1, 376, 314.4000000000001, -5.0, 9.0, -7.0, 176, 30697.0, -8
3795, 27, -3.2, 376, 316.8, -6.0, 3.0, -1.0, 176, 30873.0, 0
3854, 27, -3.3, 353, 268.5, -6.0, -3.0, 0.0, 153, 31026.0, -23
3909, 33, 2.7, 353, 275.4, 0.0, -3.0, 6.0, 153, 31179.0, 0
3962, 36, 3.0, 340, 248.1, 3.0, 0.0, 3.0, 140, 31319.0, -13
4016, 35, 0.7, 340, 252.0, 2.0, 2.0, -1.0, 140, 31459.0, 0
4072, 34, 0.3, 347, 266.7000000000001, 1.0, 3.0, -1.0, 147, 31606.0, 7
4127, 33, -0.2, 340, 249.9, 0.0, 3.0, -1.0, 140, 31746.0, -7
4180, 33, 0.3, 338, 247.8, 0.0, 3.0, 0.0, 138, 31884.0, -2
4236, 34, 1.4, 336, 244.2, 1.0, 4.0, 1.0, 136, 32020.0, -2
4291, 33, -0.1, 334, 240.6, 0.0, 4.0, -1.0, 134, 32154.0, -2
4346, 31, -1.8, 338, 249.6, -2.0, 2.0, -2.0, 138, 32292.0, 4
4400, 31, -1.0, 338, 248.4, -2.0, 0.0, 0.0, 138, 32430.0, 0
4457, 33, 1.0, 329, 229.5, 0.0, 0.0, 2.0, 129, 32559.0, -9
4512, 32, -1.1, 326, 225.9, -1.0, -1.0, -1.0, 126, 32685.0, -3
4566, 30, -2.9, 329, 233.1, -3.0, -4.0, -2.0, 129, 32814.0, 3
4620, 32, 0.0, 328, 230.1, -1.0, -5.0, 2.0, 128, 32942.0, -1
4676, 38, 5.5, 329, 232.5, 5.0, 0.0, 6.0, 129, 33071.0, 1
4736, 39, 4.1, 328, 230.1, 6.0, 6.0, 1.0, 128, 33199.0, -1
4795, 37, 2.0, 329, 232.5, 4.0, 10.0, -2.0, 129, 33328.0, 1
4846, 32, -2.1, 328, 230.1, -1.0, 9.0, -5.0, 128, 33456.0, -1
4901, 32, 0.3, 329, 232.5, -1.0, 8.0, 0.0, 129, 33585.0, 1
4951, 32, 0.2000000000000001, 334, 242.7, -1.0, 7.0, 0.0, 134, 33719.0, 5
5006, 33, 1.2, 328, 228.6, 0.0, 7.0, 1.0, 128, 33847.0, -6
5057, 32, -0.3999999999999999, 328, 230.4, -1.0, 6.0, -1.0, 128, 33975.0, 0
5111, 31, -1.1, 328, 230.4, -2.0, 4.0, -1.0, 128, 34103.0, 0
5165, 31, -0.8, 321, 215.7, -2.0, 2.0, 0.0, 121, 34224.0, -7
5219, 31, -1.0, 328, 232.5, -2.0, 0.0, 0.0, 128, 34352.0, 7
5276, 28, -4.5, 326, 226.2, -5.0, -5.0, -3.0, 126, 34478.0, -2
5330, 29, -2.4, 326, 226.8, -4.0, -9.0, 1.0, 126, 34604.0, 0
5388, 37, 5.5, 321, 216.3, 4.0, -5.0, 8.0, 121, 34725.0, -5
5446, 40, 5.2, 321, 217.8, 7.0, 2.0, 3.0, 121, 34846.0, 0
5500, 37, 1.1, 321, 217.8, 4.0, 6.0, -3.0, 121, 34967.0, 0
5557, 33, -1.4, 326, 228.3, 0.0, 6.0, -4.0, 126, 35093.0, 5
5611, 34, 1.7, 326, 226.8, 1.0, 7.0, 1.0, 126, 35219.0, 0
5666, 33, 0.2000000000000001, 326, 226.8, 0.0, 7.0, -1.0, 126, 35345.0, 0
5719, 33, 0.7000000000000001, 326, 226.8, 0.0, 7.0, 0.0, 126, 35471.0, 0
5769, 31, -1.5, 336, 247.8, -2.0, 5.0, -2.0, 136, 35607.0, 10
5828, 31, -0.7, 321, 213.3, -2.0, 3.0, 0.0, 121, 35728.0, -15
5878, 32, 0.2, 321, 217.8, -1.0, 2.0, 1.0, 121, 35849.0, 0
5929, 35, 2.9, 326, 228.3, 2.0, 4.0, 3.0, 126, 35975.0, 5
5981, 32, -1.7, 328, 231.0, -1.0, 3.0, -3.0, 128, 36103.0, 2
6031, 29, -3.6, 329, 232.5, -4.0, -1.0, -3.0, 129, 36232.0, 1
6088, 29, -2.5, 321, 215.4, -4.0, -5.0, 0.0, 121, 36353.0, -8
6141, 34, 2.6, 326, 228.3, 1.0, -4.0, 5.0, 126, 36479.0, 5
6196, 42, 9.0, 321, 216.3, 9.0, 5.0, 8.0, 121, 36600.0, -5
6247, 35, -1.8, 326, 228.3, 2.0, 7.0, -7.0, 126, 36726.0, 5
6306, 31, -2.5, 326, 226.8, -2.0, 5.0, -4.0, 126, 36852.0, 0
6357, 32, 0.4, 326, 226.8, -1.0, 4.0, 1.0, 126, 36978.0, 0
6412, 34, 2.0, 326, 226.8, 1.0, 5.0, 2.0, 126, 37104.0, 0
6462, 33, 0.0, 321, 216.3, 0.0, 5.0, -1.0, 121, 37225.0, -5
6513, 31, -1.7, 321, 217.8, -2.0, 3.0, -2.0, 121, 37346.0, 0
6569, 28, -4.2, 321, 217.8, -5.0, -2.0, -3.0, 121, 37467.0, 0
6621, 31, 0.1000000000000001, 326, 228.3, -2.0, -4.0, 3.0, 126, 37593.0, 5
6678, 33, 0.6, 326, 226.8, 0.0, -4.0, 2.0, 126, 37719.0, 0
6729, 35, 1.8, 326, 226.8, 2.0, -2.0, 2.0, 126, 37845.0, 0
6780, 36, 2.1, 321, 216.3, 3.0, 1.0, 1.0, 121, 37966.0, -5
6836, 31, -3.6, 321, 217.8, -2.0, -1.0, -5.0, 121, 38087.0, 0
6889, 30, -2.4, 321, 217.8, -3.0, -4.0, -1.0, 121, 38208.0, 0
6946, 33, 1.1, 321, 217.8, 0.0, -4.0, 3.0, 121, 38329.0, 0
7002, 37, 4.0, 321, 217.8, 4.0, 0.0, 4.0, 121, 38450.0, 0
7057, 36, 1.3, 321, 217.8, 3.0, 3.0, -1.0, 121, 38571.0, 0
7111, 36, 2.1, 321, 217.8, 3.0, 6.0, 0.0, 121, 38692.0, 0
7162, 36, 2.4, 321, 217.8, 3.0, 9.0, 0.0, 121, 38813.0, 0
7216, 34, 0.5, 326, 228.3, 1.0, 10.0, -2.0, 126, 38939.0, 5
7275, 32, -0.6, 326, 226.8, -1.0, 9.0, -2.0, 126, 39065.0, 0
7330, 31, -0.7999999999999999, 321, 216.3, -2.0, 7.0, -1.0, 121, 39186.0, -5
7380, 33, 1.7, 321, 217.8, 0.0, 7.0, 2.0, 121, 39307.0, 0
7437, 33, 0.7000000000000001, 321, 217.8, 0.0, 7.0, 0.0, 121, 39428.0, 0
7489, 33, 0.7000000000000001, 326, 228.3, 0.0, 7.0, 0.0, 126, 39554.0, 5
7548, 31, -1.5, 326, 226.8, -2.0, 5.0, -2.0, 126, 39680.0, 0
7601, 30, -1.8, 326, 226.8, -3.0, 2.0, -1.0, 126, 39806.0, 0
7656, 30, -1.6, 321, 216.3, -3.0, -1.0, 0.0, 121, 39927.0, -5
7711, 35, 3.6, 321, 217.8, 2.0, 1.0, 5.0, 121, 40048.0, 0
7766, 39, 5.7, 321, 217.8, 6.0, 7.0, 4.0, 121, 40169.00000000001, 0
7816, 37, 2.1, 328, 232.5, 4.0, 11.0, -2.0, 128, 40297.0, 7
7869, 28, -6.4, 321, 215.7, -5.0, 6.0, -9.0, 121, 40418.0, -7
7923, 28, -2.4, 321, 217.8, -5.0, 1.0, 0.0, 121, 40539.00000000001, 0
7977, 32, 1.5, 321, 217.8, -1.0, 0.0, 4.0, 121, 40660.0, 0
8030, 31, -1.7, 321, 217.8, -2.0, -2.0, -1.0, 121, 40781.0, 0
8086, 29, -3.6, 338, 253.5, -4.0, -6.0, -2.0, 138, 40919.0, 17
8140, 31, -0.8, 349, 271.5, -2.0, -8.0, 2.0, 149, 41068.0, 11
8197, 32, -0.9, 349, 268.2, -1.0, -9.0, 1.0, 149, 41217.00000000001, 0
8256, 32, -1.5, 321, 209.4, -1.0, -10.0, 0.0, 121, 41338.0, -28
8317, 32, -1.6, 326, 228.3, -1.0, -11.0, 0.0, 126, 41464.0, 5
8372, 33, -0.6000000000000001, 326, 226.8, 0.0, -11.0, 1.0, 126, 41590.0, 0
8427, 33, -1.1, 321, 216.3, 0.0, -11.0, 0.0, 121, 41711.0, -5
8483, 37, 3.3, 326, 228.3, 4.0, -7.0, 4.0, 126, 41837.0, 5
8536, 42, 7.2, 321, 216.3, 9.0, 2.0, 5.0, 121, 41958.0, -5
8590, 39, 2.3, 322, 219.9, 6.0, 8.0, -3.0, 122, 42080.0, 1
8646, 36, 1.1, 304, 181.8, 3.0, 11.0, -3.0, 104, 42184.0, -18
8697, 36, 2.9, 303, 185.1, 3.0, 14.0, 0.0, 103, 42287.0, -1
