time, color, angle, distance, speed, color_dev, color_int, color_der, speed_dev, speed_int, speed_der
0, 47, 16.8, 915, 643.5, 14.0, 14.0, 14.0, 715, 715.0, 715.0
52, 48, 12.4, 908, 422.7, 15.0, 29.0, 1.0, 708, 1423.0, -7
108, 46, 11.0, 915, 431.1, 13.0, 42.0, -2.0, 715, 2138.0, 7
159, 45, 12.1, 913, 427.2, 12.0, 54.0, -1.0, 713, 2851.000000000001, -2
211, 43, 11.4, 901, 417.0, 10.0, 64.0, -2.0, 701, 3552.0, -12
263, 38, 7.4, 861, 384.6, 5.0, 69.0, -5.0, 661, 4213.0, -40
313, 26, -4.0, 885, 418.2, -7.0, 62.0, -12.0, 685, 4898.000000000001, 24
371, 13, -14.3, 843, 373.2, -20.0, 42.0, -13.0, 643, 5541.0, -42
421, 8, -15.8, 827, 371.4, -25.0, 17.0, -5.0, 627, 6168.0, -16
472, 9, -14.6, 857, 403.2, -24.0, -7.0, 1.0, 657, 6825.0, 30
523, 12, -13.9, 853, 390.6, -21.0, -28.0, 3.0, 653, 7478.000000000001, -4
579, 15, -13.9, 794, 338.7, -18.0, -46.00000000000001, 3.0, 594, 8072.000000000001, -59
633, 26, -4.0, 796, 358.2, -7.0, -53.00000000000001, 11.0, 596, 8668.000000000001, 2
694, 35, 0.5999999999999996, 808, 368.4000000000001, 2.0, -51.00000000000001, 9.0, 608, 9276.000000000002, 12
754, 42, 4.699999999999999, 808, 364.8, 9.0, -42.0, 7.0, 608, 9884.0, 0
810, 46, 6.899999999999999, 800, 357.6000000000001, 13.0, -29.0, 4.0, 600, 10484.0, -8
861, 43, 2.6, 788, 349.2, 10.0, -19.0, -3.0, 588, 11072.0, -12
920, 43, 5.1, 773, 339.3, 10.0, -9.0, 0.0, 573, 11645.0, -15
976, 46, 9.699999999999999, 766, 337.5, 13.0, 4.0, 3.0, 566, 12211.0, -7
1032, 44, 7.1, 762, 336.0, 11.0, 15.0, -2.0, 562, 12773.0, -4
1084, 38, 2.0, 762, 337.2, 5.0, 20.0, -6.0, 562, 13335.0, 0
1138, 34, 0.7000000000000002, 762, 337.2, 1.0, 21.0, -4.0, 562, 13897.0, 0
1197, 34, 2.8, 762, 337.2, 1.0, 22.0, 0.0, 562, 14459.0, 0
1247, 38, 7.7, 762, 337.2, 5.0, 27.0, 4.0, 562, 15021.0, 0
1301, 33, 0.2000000000000002, 762, 337.2, 0.0, 27.0, -5.0, 562, 15583.0, 0
1354, 28, -3.3, 736, 313.7999999999999, -5.0, 22.0, -5.0, 536, 16119.0, -26
1409, 24, -6.1, 730, 316.2, -9.0, 13.0, -4.0, 530, 16649.0, -6
1470, 28, -0.2000000000000002, 720, 309.0, -5.0, 8.0, 4.0, 520, 17169.0, -10
1527, 27, -3.899999999999999, 729, 320.1, -6.0, 2.0, -1.0, 529, 17698.0, 9
1584, 27, -4.0, 702, 293.1, -6.0, -4.0, 0.0, 502, 18200.0, -27
1638, 27, -4.6, 702, 301.2, -6.0, -10.0, 0.0, 502, 18702.0, 0
1698, 31, -0.4000000000000004, 702, 301.2, -2.0, -12.0, 4.0, 502, 19204.0, 0
1754, 36, 3.4, 702, 301.2, 3.0, -9.0, 5.0, 502, 19706.0, 0
1810, 39, 4.8, 689, 289.5, 6.0, -3.0, 3.0, 489, 20195.0, -13
1864, 37, 1.5, 666, 272.7, 4.0, 1.0, -2.0, 466, 20661.0, -23
1919, 36, 1.7, 651, 266.1, 3.0, 4.0, -1.0, 451, 21112.0, -15
1973, 35, 1.3, 651, 270.6, 2.0, 6.0, -1.0, 451, 21563.0, 0
2028, 39, 6.8, 651, 270.6, 6.0, 12.0, 4.0, 451, 22014.0, 0
2081, 39, 5.399999999999999, 651, 270.6, 6.0, 18.0, 0.0, 451, 22465.0, 0
2141, 30, -4.8, 641, 261.6, -3.0, 15.0, -9.0, 441, 22906.0, -10
2200, 26, -5.4, 626, 251.1, -7.0, 8.0, -4.0, 426, 23332.0, -15
2256, 26, -4.100000000000001, 630, 259.2, -7.0, 1.0, 0.0, 430, 23762.0, 4
2309, 31, 1.2, 641, 267.9, -2.0, -1.0, 5.0, 441, 24203.0, 11
2359, 37, 5.7, 626, 251.1, 4.0, 3.0, 6.0, 426, 24629.0, -15
2414, 39, 5.5, 626, 255.6, 6.0, 9.0, 2.0, 426, 25055.0, 0
2468, 35, 0.2999999999999998, 609, 240.3, 2.0, 11.0, -4.0, 409, 25464.0, -17
2520, 28, -5.9, 586, 224.7, -5.0, 6.0, -7.0, 386, 25850.0, -23
2577, 30, -0.4999999999999998, 609, 252.3, -3.0, 3.0, 2.0, 409, 26259.0, 23
2631, 31, -0.5999999999999998, 624, 258.9, -2.0, 1.0, 1.0, 424, 26683.0, 15
2682, 33, 1.1, 625, 255.3, 0.0, 1.0, 2.0, 425, 27108.0, 1
2741, 36, 3.7, 609, 240.6, 3.0, 4.0, 3.0, 409, 27517.0, -16
2797, 34, 0.1000000000000001, 609, 245.4, 1.0, 5.0, -2.0, 409, 27926.0, 0
2851, 30, -3.6, 597, 234.6, -3.0, 2.0, -4.0, 397, 28323.0, -12
2902, 28, -4.3, 591, 232.8, -5.0, -3.0, -2.0, 391, 28714.0, -6
2957, 32, 1.0, 595, 238.2, -1.0, -4.0, 4.0, 395, 29109.0, 4
3010, 34, 1.3, 590, 232.5, 1.0, -3.0, 2.0, 390, 29499.0, -5
3068, 37, 4.0, 578, 223.2, 4.0, 1.0, 3.0, 378, 29877.0, -12
3121, 39, 5.3, 573, 222.3, 6.0, 7.0, 2.0, 373, 30250.0, -5
3174, 37, 2.5, 570, 221.1, 4.0, 11.0, -2.0, 370, 30620.0, -3
3230, 28, -6.9, 561, 213.9, -5.0, 6.0, -9.0, 361, 30981.0, -9
3283, 28, -2.9, 563, 218.4, -5.0, 1.0, 0.0, 363, 31344.0, 2
3340, 31, 0.2, 563, 217.8, -2.0, -1.0, 3.0, 363, 31707.0, 0
3398, 33, 0.9, 573, 226.8, 0.0, -1.0, 2.0, 373, 32080.0, 10
3451, 33, -0.1, 559, 211.2, 0.0, -1.0, 0.0, 359, 32439.0, -14
3507, 37, 4.7, 563, 219.0, 4.0, 3.0, 4.0, 363, 32802.0, 4
3567, 33, -1.7, 555, 210.6, 0.0, 3.0, -4.0, 355, 33157.0, -8
3621, 30, -3.3, 546, 204.9, -3.0, 0.0, -3.0, 346, 33503.0, -9
3678, 29, -3.3, 554, 214.8, -4.0, -4.0, -1.0, 354, 33857.0, 8
3732, 31, -0.8, 563, 220.5, -2.0, -6.0, 2.0, 363, 34220.0, 9
3787, 34, 1.6, 578, 231.3, 1.0, -5.0, 3.0, 378, 34598.0, 15
3840, 34, 0.2, 554, 205.2, 1.0, -4.0, 0.0, 354, 34952.0, -24
3894, 35, 1.5, 542, 201.6, 2.0, -2.0, 1.0, 342, 35294.0, -12
3950, 39, 6.0, 544, 207.0, 6.0, 4.0, 4.0, 344, 35638.0, 2
4009, 36, 1.0, 544, 206.4, 3.0, 7.0, -3.0, 344, 35982.0, 0
4059, 33, -0.7999999999999999, 546, 208.2, 0.0, 7.0, -3.0, 346, 36328.0, 2
4114, 32, -0.4999999999999999, 553, 213.9, -1.0, 6.0, -1.0, 353, 36681.0, 7
4171, 33, 1.1, 544, 203.7, 0.0, 6.0, 1.0, 344, 37025.0, -9
4227, 31, -1.8, 546, 208.2, -2.0, 4.0, -2.0, 346, 37371.0, 2
4280, 34, 2.6, 546, 207.6, 1.0, 5.0, 3.0, 346, 37717.0, 0
4337, 36, 3.6, 554, 214.8, 3.0, 8.0, 2.0, 354, 38071.0, 8
4391, 33, -0.7, 550, 208.8, 0.0, 8.0, -3.0, 350, 38421.0, -4
4446, 25, -8.800000000000001, 538, 199.2, -8.0, 0.0, -8.0, 338, 38759.0, -12
4499, 26, -4.4, 542, 206.4, -7.0, -7.0, 1.0, 342, 39101.0, 4
4558, 28, -3.2, 546, 208.8, -5.0, -12.0, 2.0, 346, 39447.0, 4
4617, 33, 1.3, 555, 215.7, 0.0, -12.0, 5.0, 355, 39802.0, 9
4671, 36, 2.4, 554, 212.1, 3.0, -9.0, 3.0, 354, 40156.0, -1
4721, 38, 3.6, 546, 205.2, 5.0, -4.0, 2.0, 346, 40502.0, -8
4773, 36, 0.6999999999999997, 544, 205.8, 3.0, -1.0, -2.0, 344, 40846.0, -2
4827, 34, -0.4, 542, 204.6, 1.0, 0.0, -2.0, 342, 41188.0, -2
4881, 33, -0.5, 542, 205.2, 0.0, 0.0, -1.0, 342, 41530.0, 0
4932, 35, 2.4, 546, 208.8, 2.0, 2.0, 2.0, 346, 41876.0, 4
4988, 38, 5.2, 546, 207.6, 5.0, 7.0, 3.0, 346, 42222.0, 0
5042, 35, 0.6000000000000001, 551, 212.1, 2.0, 9.0, -3.0, 351, 42573.0, 5
5093, 34, 1.1, 555, 214.2, 1.0, 10.0, -1.0, 355, 42928.00000000001, 4
5144, 35, 2.9, 546, 204.9, 2.0, 12.0, 1.0, 346, 43274.0, -9
5199, 34, 1.4, 546, 207.6, 1.0, 13.0, -1.0, 346, 43620.0, 0
5254, 28, -5.2, 544, 205.8, -5.0, 8.0, -6.0, 344, 43964.0, -2
5309, 26, -5.100000000000001, 546, 208.2, -7.0, 1.0, -2.0, 346, 44310.0, 2
5362, 27, -3.6, 536, 198.6, -6.0, -5.0, 1.0, 336, 44646.0, -10
5417, 32, 1.3, 546, 210.6, -1.0, -6.0, 5.0, 346, 44992.0, 10
5467, 37, 4.699999999999999, 534, 196.8, 4.0, -2.0, 5.0, 334, 45326.0, -12
5520, 37, 2.6, 561, 224.7, 4.0, 2.0, 0.0, 361, 45687.00000000001, 27
5570, 36, 1.8, 544, 201.3, 3.0, 5.0, -1.0, 344, 46031.0, -17
5623, 35, 1.4, 553, 214.5, 2.0, 7.0, -1.0, 353, 46384.0, 9
5679, 33, -0.2999999999999999, 546, 205.5, 0.0, 7.0, -2.0, 346, 46730.0, -7
5739, 31, -1.7, 544, 205.8, -2.0, 5.0, -2.0, 344, 47074.0, -2
5793, 31, -0.9, 536, 199.2, -2.0, 3.0, 0.0, 336, 47410.00000000001, -8
5848, 32, 0.1, 540, 205.2, -1.0, 2.0, 1.0, 340, 47750.0, 4
5902, 31, -1.7, 532, 196.8, -2.0, 0.0, -1.0, 332, 48082.0, -8
5957, 30, -2.6, 546, 211.8, -3.0, -3.0, -1.0, 346, 48428.0, 14
6011, 37, 6.0, 546, 207.6, 4.0, 1.0, 7.0, 346, 48774.00000000001, 0
6068, 38, 4.1, 559, 219.3, 5.0, 6.0, 1.0, 359, 49133.0, 13
6122, 33, -1.9, 544, 201.9, 0.0, 6.0, -5.0, 344, 49477.0, -15
6178, 27, -6.6, 554, 215.4, -6.0, 0.0, -6.0, 354, 49831.0, 10
6232, 26, -5.4, 544, 203.4, -7.0, -7.0, -1.0, 344, 50175.0, -10
6289, 30, -0.7999999999999998, 518, 183.0, -3.0, -10.0, 4.0, 318, 50493.00000000001, -26
6343, 33, 0.5, 534, 205.2, 0.0, -10.0, 3.0, 334, 50827.0, 16
6398, 41, 8.6, 535, 201.3, 8.0, -2.0, 8.0, 335, 51162.0, 1
6456, 42, 6.6, 551, 215.4, 9.0, 7.0, 1.0, 351, 51513.0, 16
6507, 39, 3.399999999999999, 542, 202.5, 6.0, 13.0, -3.0, 342, 51855.0, -9
6562, 30, -5.3, 542, 205.2, -3.0, 10.0, -9.0, 342, 52197.0, 0
6619, 27, -4.699999999999999, 536, 199.8, -6.0, 4.0, -3.0, 336, 52533.0, -6
6678, 32, 2.2, 536, 201.6, -1.0, 3.0, 5.0, 336, 52869.0, 0
6729, 32, -0.4, 542, 207.0, -1.0, 2.0, 0.0, 342, 53211.0, 6
6780, 33, 0.7, 546, 208.8, 0.0, 2.0, 1.0, 346, 53557.00000000001, 4
6838, 34, 1.4, 527, 190.5, 1.0, 3.0, 1.0, 327, 53884.0, -19
6892, 35, 2.2, 546, 213.3, 2.0, 5.0, 1.0, 346, 54230.0, 19
6952, 33, -0.5, 527, 190.5, 0.0, 5.0, -2.0, 327, 54557.0, -19
7008, 31, -1.9, 535, 203.4, -2.0, 3.0, -2.0, 335, 54892.0, 8
7067, 31, -1.1, 537, 202.8, -2.0, 1.0, 0.0, 337, 55229.0, 2
7117, 28, -4.9, 559, 222.0, -5.0, -4.0, -3.0, 359, 55588.00000000001, 22
7168, 31, -0.3, 542, 200.1, -2.0, -6.0, 3.0, 342, 55930.0, -17
7225, 34, 1.6, 544, 207.0, 1.0, -5.0, 3.0, 344, 56274.00000000001, 2
7278, 39, 6.199999999999999, 544, 206.4, 6.0, 1.0, 5.0, 344, 56618.0, 0
7332, 38, 3.1, 544, 206.4, 5.0, 6.0, -1.0, 344, 56962.0, 0
7382, 31, -4.3, 527, 191.1, -2.0, 4.0, -7.0, 327, 57289.0, -17
7436, 28, -4.6, 511, 181.8, -5.0, -1.0, -3.0, 311, 57600.00000000001, -16
7488, 35, 4.8, 525, 199.2, 2.0, 1.0, 7.0, 325, 57925.0, 14
7546, 38, 5.1, 519, 189.6, 5.0, 6.0, 3.0, 319, 58244.00000000001, -6
7598, 33, -1.9, 510, 183.3, 0.0, 6.0, -5.0, 310, 58554.0, -9
7651, 31, -1.8, 517, 192.3, -2.0, 4.0, -2.0, 317, 58871.0, 7
7708, 31, -1.0, 563, 231.6, -2.0, 2.0, 0.0, 363, 59234.0, 46
7758, 32, 0.0, 510, 170.1, -1.0, 1.0, 1.0, 310, 59544.00000000001, -53
7812, 33, 0.6, 537, 210.3, 0.0, 1.0, 1.0, 337, 59881.0, 27
7865, 33, 0.1, 517, 184.2, 0.0, 1.0, 0.0, 317, 60198.0, -20
7920, 35, 2.5, 567, 235.2, 2.0, 3.0, 2.0, 367, 60565.00000000001, 50
7976, 31, -3.1, 597, 247.2, -2.0, 1.0, -4.0, 397, 60962.00000000001, 30
8030, 32, -0.1, 347, 13.2, -1.0, 0.0, 1.0, 147, 61109.0, -250
8083, 32, -0.7, 345, 86.40000000000001, -1.0, -1.0, 0.0, 145, 61254.0, -2
8143, 43, 12.4, 340, 82.5, 10.0, 9.0, 11.0, 140, 61394.0, -5
8197, 39, 3.1, 340, 84.0, 6.0, 15.0, -4.0, 140, 61534.0, 0
8257, 24, -12.3, 353, 95.7, -9.0, 6.0, -15.0, 153, 61687.0, 13
8308, 25, -4.5, 355, 93.59999999999999, -8.0, -2.0, 1.0, 155, 61842.00000000001, 2
8367, 31, 1.4, 357, 94.8, -2.0, -4.0, 6.0, 157, 61999.0, 2
8418, 32, -0.6000000000000001, 364, 100.5, -1.0, -5.0, 1.0, 164, 62163.0, 7
8473, 32, -1.2, 370, 103.8, -1.0, -6.0, 0.0, 170, 62333.00000000001, 6
8528, 32, -1.3, 376, 107.4, -1.0, -7.0, 0.0, 176, 62509.00000000001, 6
8582, 33, -0.2000000000000001, 385, 113.7, 0.0, -7.0, 1.0, 185, 62694.0, 9
8637, 34, 0.4999999999999999, 389, 114.6, 1.0, -6.0, 1.0, 189, 62883.0, 4
8697, 37, 3.7, 389, 113.4, 4.0, -2.0, 3.0, 189, 63072.0, 0
8747, 37, 2.6, 397, 120.6, 4.0, 2.0, 0.0, 197, 63269.0, 8
8800, 35, 0.6000000000000001, 401, 121.8, 2.0, 4.0, -2.0, 201, 63470.0, 4
8855, 34, 0.6000000000000001, 410, 128.7, 1.0, 5.0, -1.0, 210, 63680.0, 9
8908, 34, 1.2, 641, 333.9, 1.0, 6.0, 0.0, 441, 64121.00000000001, 231
8958, 35, 2.5, 639, 262.8, 2.0, 8.0, 1.0, 439, 64560.0, -2
9012, 33, -0.2, 651, 274.2, 0.0, 8.0, -2.0, 451, 65011.0, 12
9063, 33, 0.8, 653, 272.4, 0.0, 8.0, 0.0, 453, 65464.0, 2
9117, 31, -1.6, 326, -22.5, -2.0, 6.0, -2.0, 126, 65590.0, -327
9172, 34, 2.8, 622, 342.0, 1.0, 7.0, 3.0, 422, 66012.0, 296
9228, 42, 11.0, 635, 264.9, 9.0, 16.0, 8.0, 435, 66447.0, 13
9282, 39, 4.3, 624, 251.1, 6.0, 22.0, -3.0, 424, 66871.0, -11
9340, 35, 1.600000000000001, 605, 237.3, 2.0, 24.0, -4.0, 405, 67276.00000000001, -19
9409, 35, 3.8, 563, 205.2, 2.0, 26.0, 0.0, 363, 67639.0, -42
