time, color, angle, distance, speed, color_dev, color_int, color_der, speed_dev, speed_int, speed_der
0, 33, 0.0, 873, 807.6000000000001, 0.0, 0.0, 0.0, 673, 673.0, 673.0
54, 33, 0.0, 879, 612.9, 0.0, 0.0, 0.0, 679, 1352.0, 6
105, 33, 0.0, 873, 603.9000000000001, 0.0, 0.0, 0.0, 673, 2025.0, -6
160, 36, 3.0, 864, 594.9, 3.0, 3.0, 3.0, 664, 2689.0, -9
224, 39, 4.800000000000001, 872, 607.2000000000001, 6.0, 9.0, 3.0, 672, 3361.0, 8
285, 37, 1.9, 865, 596.4, 4.0, 13.0, -2.0, 665, 4026.0, -7
335, 32, -1.7, 872, 606.9000000000001, -1.0, 12.0, -5.0, 672, 4698.0, 7
390, 32, 0.7000000000000001, 853, 582.0, -1.0, 11.0, 0.0, 653, 5351.0, -19
446, 28, -3.4, 841, 573.3, -5.0, 6.0, -4.0, 641, 5992.000000000001, -12
502, 24, -5.9, 833, 567.3000000000001, -9.0, -3.0, -4.0, 633, 6625.0, -8
555, 23, -5.8, 825, 560.1, -10.0, -13.0, -1.0, 625, 7250.0, -8
606, 28, -1.3, 800, 532.5, -5.0, -18.0, 5.0, 600, 7850.000000000001, -25
657, 32, -0.3000000000000003, 800, 540.0, -1.0, -19.0, 4.0, 600, 8450.000000000001, 0
707, 36, 1.6, 800, 540.0, 3.0, -16.0, 4.0, 600, 9050.000000000001, 0
762, 42, 5.9, 792, 530.4000000000001, 9.0, -7.0, 6.0, 592, 9642.000000000001, -8
815, 43, 4.8, 766, 501.6, 10.0, 3.0, 1.0, 566, 10208.0, -26
875, 35, -2.7, 766, 509.4, 2.0, 5.0, -8.0, 566, 10774.0, 0
925, 32, -1.5, 766, 509.4, -1.0, 4.0, -3.0, 566, 11340.0, 0
976, 31, -1.1, 754, 495.0, -2.0, 2.0, -1.0, 554, 11894.0, -12
1026, 31, -0.8, 754, 498.6000000000001, -2.0, 0.0, 0.0, 554, 12448.0, 0
1081, 35, 3.0, 754, 498.6000000000001, 2.0, 2.0, 4.0, 554, 13002.0, 0
1132, 41, 7.2, 754, 498.6000000000001, 8.0, 10.0, 6.0, 554, 13556.0, 0
1187, 40, 4.0, 754, 498.6000000000001, 7.0, 17.0, -1.0, 554, 14110.0, 0
1237, 42, 7.2, 754, 498.6000000000001, 9.0, 26.0, 2.0, 554, 14664.0, 0
1293, 38, 3.1, 754, 498.6000000000001, 5.0, 31.0, -4.0, 554, 15218.0, 0
1344, 31, -1.399999999999999, 754, 498.6000000000001, -2.0, 29.0, -7.0, 554, 15772.0, 0
1396, 26, -3.1, 748, 491.4, -7.0, 22.0, -5.0, 548, 16320.0, -6
1453, 19, -8.300000000000001, 698, 433.2, -14.0, 8.0, -7.0, 498, 16818.0, -50
1511, 22, -3.2, 681, 427.8, -11.0, -3.0, 3.0, 481, 17299.0, -17
1565, 22, -5.800000000000001, 702, 458.1, -11.0, -14.0, 0.0, 502, 17801.0, 21
1620, 27, -1.9, 698, 447.0, -6.0, -20.0, 5.0, 498, 18299.0, -4
1674, 33, 1.0, 649, 389.4, 0.0, -20.0, 6.0, 449, 18748.0, -49
1732, 44, 9.0, 654, 410.1, 11.0, -9.0, 11.0, 454, 19202.0, 5
1782, 42, 2.6, 353, 47.40000000000002, 9.0, 0.0, -2.0, 153, 19355.0, -301
1842, 36, -1.5, 635, 476.1, 3.0, 3.0, -6.0, 435, 19790.0, 282
1893, 33, -1.2, 622, 375.9, 0.0, 3.0, -3.0, 422, 20212.0, -13
1947, 32, -0.7, 609, 364.2, -1.0, 2.0, -1.0, 409, 20621.0, -13
2002, 30, -2.3, 586, 340.5000000000001, -3.0, -1.0, -2.0, 386, 21007.0, -23
2056, 32, 0.3999999999999999, 603, 367.8, -1.0, -2.0, 2.0, 403, 21410.0, 17
2112, 35, 2.3, 574, 327.9, 2.0, 0.0, 3.0, 374, 21784.0, -29
2166, 43, 9.0, 510, 259.8, 10.0, 10.0, 8.0, 310, 22094.0, -64
2223, 49, 12.0, 544, 319.8, 16.0, 26.0, 6.0, 344, 22438.0, 34
2281, 43, 4.6, 518, 278.4, 10.0, 36.0, -6.0, 318, 22756.0, -26
2334, 25, -9.4, 519, 287.4000000000001, -8.0, 28.0, -18.0, 319, 23075.0, 1
2392, 19, -7.2, 515, 282.3, -14.0, 14.0, -6.0, 315, 23390.0, -4
2447, 21, -3.600000000000001, 496, 260.7000000000001, -12.0, 2.0, 2.0, 296, 23686.0, -19
2502, 27, 0.1999999999999997, 491, 260.4000000000001, -6.0, -4.0, 6.0, 291, 23977.0, -5
2555, 29, -1.4, 483, 252.3, -4.0, -8.0, 2.0, 283, 24260.0, -8
2612, 26, -5.800000000000001, 488, 260.7, -7.0, -15.0, -3.0, 288, 24548.0, 5
2668, 26, -5.0, 474, 242.4, -7.0, -22.0, 0.0, 274, 24822.0, -14
2722, 31, -0.7000000000000002, 481, 255.0, -2.0, -24.0, 5.0, 281, 25103.0, 7
2775, 40, 5.6, 473, 243.3, 7.0, -17.0, 9.0, 273, 25376.0, -8
2832, 39, 0.8000000000000004, 475, 248.1, 6.0, -11.0, -1.0, 275, 25651.0, 2
2886, 39, 1.9, 483, 257.1, 6.0, -5.0, 0.0, 283, 25934.0, 8
2943, 36, -0.4999999999999998, 498, 272.7, 3.0, -2.0, -3.0, 298, 26232.0, 15
2997, 29, -5.7, 498, 268.2, -4.0, -6.0, -7.0, 298, 26530.0, 0
3052, 33, 1.4, 479, 245.4, 0.0, -6.0, 4.0, 279, 26809.0, -19
3105, 36, 2.4, 471, 241.5, 3.0, -3.0, 3.0, 271, 27080.0, -8
3162, 40, 5.2, 447, 215.1, 7.0, 4.0, 4.0, 247, 27327.0, -24
3221, 37, 0.9000000000000004, 439, 212.7, 4.0, 8.0, -3.0, 239, 27566.0, -8
3277, 31, -3.2, 437, 212.7, -2.0, 6.0, -6.0, 237, 27803.0, -2
3332, 33, 1.6, 435, 210.9, 0.0, 6.0, 2.0, 235, 28038.0, -2
3386, 39, 6.600000000000001, 427, 201.9, 6.0, 12.0, 6.0, 227, 28265.0, -8
3445, 39, 4.2, 420, 195.9, 6.0, 18.0, 0.0, 220, 28485.0, -7
3495, 37, 2.8, 427, 206.4, 4.0, 22.0, -2.0, 227, 28712.0, 7
3546, 33, 0.2000000000000002, 412, 186.3, 0.0, 22.0, -4.0, 212, 28924.0, -15
3606, 37, 6.2, 429, 211.2, 4.0, 26.0, 4.0, 229, 29153.0, 17
3656, 35, 2.600000000000001, 418, 192.9, 2.0, 28.0, -2.0, 218, 29371.0, -11
3712, 30, -1.2, 418, 196.2, -3.0, 25.0, -5.0, 218, 29589.0, 0
3765, 26, -3.0, 408, 184.2, -7.0, 18.0, -4.0, 208, 29797.0, -10
3821, 26, -1.7, 425, 207.6, -7.0, 11.0, 0.0, 225, 30022.0, 17
3875, 27, -1.4, 420, 196.5, -6.0, 5.0, 1.0, 220, 30242.0, -5
3931, 26, -3.5, 431, 211.2, -7.0, -2.0, -1.0, 231, 30473.0, 11
3983, 26, -3.7, 435, 212.7, -7.0, -9.0, 0.0, 235, 30708.0, 4
4037, 26, -4.4, 443, 221.1, -7.0, -16.0, 0.0, 243, 30951.0, 8
4092, 29, -2.1, 418, 188.7, -4.0, -20.0, 3.0, 218, 31169.0, -25
4145, 28, -5.0, 412, 189.0, -5.0, -25.0, -1.0, 212, 31381.0, -6
4202, 35, 2.0, 411, 189.6, 2.0, -23.0, 7.0, 211, 31592.0, -1
4255, 41, 4.7, 433, 216.3, 8.0, -15.0, 6.0, 233, 31825.0, 22
4310, 45, 6.500000000000001, 429, 204.9, 12.0, -3.0, 4.0, 229, 32054.0, -4
4367, 39, -0.2999999999999998, 406, 178.5, 6.0, 3.0, -6.0, 206, 32260.0, -23
4423, 39, 3.3, 399, 177.0, 6.0, 9.0, 0.0, 199, 32459.0, -7
4479, 41, 5.9, 401, 181.5, 8.0, 17.0, 2.0, 201, 32660.0, 2
4541, 37, 1.7, 399, 178.5, 4.0, 21.0, -4.0, 199, 32859.0, -2
4599, 33, 0.1000000000000001, 399, 179.1, 0.0, 21.0, -4.0, 199, 33058.0, 0
4652, 31, 0.1000000000000001, 392, 170.7, -2.0, 19.0, -2.0, 192, 33250.0, -7
4710, 31, 0.9000000000000002, 393, 174.0, -2.0, 17.0, 0.0, 193, 33443.0, 1
4762, 32, 1.7, 399, 180.9, -1.0, 16.0, 1.0, 199, 33642.0, 6
4816, 31, 0.1000000000000001, 403, 183.9, -2.0, 14.0, -1.0, 203, 33845.0, 4
4866, 28, -2.6, 401, 180.3, -5.0, 9.0, -3.0, 201, 34046.0, -2
4922, 28, -1.6, 420, 203.7, -5.0, 4.0, 0.0, 220, 34266.0, 19
4975, 28, -2.1, 408, 183.6, -5.0, -1.0, 0.0, 208, 34474.0, -12
5030, 30, -0.6000000000000001, 416, 196.8, -3.0, -4.0, 2.0, 216, 34690.0, 8
5081, 30, -1.9, 408, 184.8, -3.0, -7.0, 0.0, 208, 34898.0, -8
5139, 30, -2.2, 397, 174.0, -3.0, -10.0, 0.0, 197, 35095.0, -11
5195, 33, 0.5, 411, 194.1, 0.0, -10.0, 3.0, 211, 35306.0, 14
5245, 35, 1.0, 411, 189.9, 2.0, -8.0, 2.0, 211, 35517.0, 0
5296, 39, 4.2, 410, 188.7, 6.0, -2.0, 4.0, 210, 35727.0, -1
5352, 39, 2.8, 401, 178.2, 6.0, 4.0, 0.0, 201, 35928.0, -9
5411, 36, 0.4000000000000004, 399, 178.5, 3.0, 7.0, -3.0, 199, 36127.0, -2
5466, 37, 3.2, 384, 161.1, 4.0, 11.0, 1.0, 184, 36311.0, -15
5522, 33, -0.9, 401, 186.0, 0.0, 11.0, -4.0, 201, 36512.0, 17
5575, 30, -1.9, 401, 180.9, -3.0, 8.0, -3.0, 201, 36713.0, 0
5631, 29, -1.7, 403, 183.3, -4.0, 4.0, -1.0, 203, 36916.0, 2
5684, 31, 0.3999999999999999, 403, 182.7, -2.0, 2.0, 2.0, 203, 37119.0, 0
5735, 31, -0.8, 411, 192.3, -2.0, 0.0, 0.0, 211, 37330.0, 8
5792, 30, -2.0, 411, 189.9, -3.0, -3.0, -1.0, 211, 37541.0, 0
5846, 28, -3.8, 410, 188.7, -5.0, -8.0, -2.0, 210, 37751.0, -1
5902, 29, -2.3, 411, 190.2, -4.0, -12.0, 1.0, 211, 37962.0, 1
5959, 31, -1.2, 420, 200.7, -2.0, -14.0, 2.0, 220, 38182.0, 9
6013, 34, 0.6, 416, 193.2, 1.0, -13.0, 3.0, 216, 38398.0, -4
6071, 36, 1.2, 403, 178.8, 3.0, -10.0, 2.0, 203, 38601.0, -13
6125, 37, 1.5, 406, 186.3, 4.0, -6.0, 1.0, 206, 38807.0, 3
6180, 39, 3.4, 401, 179.4, 6.0, 0.0, 2.0, 201, 39008.0, -5
6234, 39, 3.0, 411, 192.9, 6.0, 6.0, 0.0, 211, 39219.0, 10
6285, 39, 3.600000000000001, 403, 180.3, 6.0, 12.0, 0.0, 203, 39422.0, -8
6342, 40, 5.2, 328, 92.70000000000001, 7.0, 19.0, 1.0, 128, 39550.0, -75
6393, 44, 9.4, 392, 192.0, 11.0, 30.0, 4.0, 192, 39742.0, 64
6444, 39, 3.5, 392, 172.8, 6.0, 36.0, -5.0, 192, 39934.0, 0
6501, 35, 2.600000000000001, 399, 181.2, 2.0, 38.0, -4.0, 199, 40133.0, 7
6555, 31, 0.7999999999999998, 393, 171.9, -2.0, 36.0, -4.0, 193, 40326.0, -6
6609, 29, 0.6000000000000001, 397, 178.5, -4.0, 32.0, -2.0, 197, 40523.0, 4
6665, 29, 1.2, 392, 171.3, -4.0, 28.0, 0.0, 192, 40715.0, -5
6716, 28, -0.1999999999999997, 392, 172.8, -5.0, 23.0, -1.0, 192, 40907.0, 0
6767, 25, -3.2, 410, 194.4, -8.0, 15.0, -3.0, 210, 41117.0, 18
6823, 23, -4.5, 410, 189.0, -10.0, 5.0, -2.0, 210, 41327.0, 0
6874, 24, -3.5, 416, 196.2, -9.0, -4.0, 1.0, 216, 41543.0, 6
6927, 24, -4.9, 410, 187.2, -9.0, -13.0, 0.0, 210, 41753.0, -6
6981, 26, -3.800000000000001, 399, 175.8, -7.0, -20.0, 2.0, 199, 41952.0, -11
7042, 28, -3.5, 399, 179.1, -5.0, -25.0, 2.0, 199, 42151.00000000001, 0
7096, 31, -2.0, 392, 170.7, -2.0, -27.0, 3.0, 192, 42343.0, -7
7156, 37, 2.3, 420, 206.4, 4.0, -23.0, 6.0, 220, 42563.0, 28
7211, 42, 4.7, 411, 187.2, 9.0, -14.0, 5.0, 211, 42774.0, -9
7267, 40, 1.1, 391, 165.9, 7.0, -7.0, -2.0, 191, 42965.0, -20
7322, 39, 1.8, 404, 187.5, 6.0, -1.0, -1.0, 204, 43169.0, 13
7375, 44, 7.9, 397, 175.2, 11.0, 10.0, 5.0, 197, 43366.0, -7
7431, 39, 1.5, 392, 171.3, 6.0, 16.0, -5.0, 192, 43558.0, -5
7484, 35, 0.6000000000000001, 391, 171.6, 2.0, 18.0, -4.0, 191, 43749.0, -1
7541, 33, 0.8, 391, 171.9, 0.0, 18.0, -2.0, 191, 43940.0, 0
7595, 33, 1.8, 392, 173.1, 0.0, 18.0, 0.0, 192, 44132.0, 1
7651, 34, 2.8, 406, 189.6, 1.0, 19.0, 1.0, 206, 44338.00000000001, 14
7705, 32, 0.3999999999999999, 406, 185.4, -1.0, 18.0, -2.0, 206, 44544.00000000001, 0
7762, 30, -0.7000000000000002, 401, 179.4, -3.0, 15.0, -2.0, 201, 44745.0, -5
7817, 30, 0.0, 408, 189.3, -3.0, 12.0, 0.0, 208, 44953.0, 7
7873, 31, 0.7, 410, 189.6, -2.0, 10.0, 1.0, 210, 45163.0, 2
7931, 29, -2.0, 418, 198.6, -4.0, 6.0, -2.0, 218, 45381.0, 8
7984, 28, -2.4, 399, 173.4, -5.0, 1.0, -1.0, 199, 45580.0, -19
8039, 28, -2.4, 397, 176.7, -5.0, -4.0, 0.0, 197, 45777.0, -2
8093, 34, 3.1, 401, 182.1, 1.0, -3.0, 6.0, 201, 45978.0, 4
8150, 38, 4.2, 404, 184.5, 5.0, 2.0, 4.0, 204, 46182.0, 3
8205, 36, 0.7000000000000002, 408, 188.4, 3.0, 5.0, -2.0, 208, 46390.0, 4
8256, 34, 0.0, 404, 182.4, 1.0, 6.0, -2.0, 204, 46594.00000000001, -4
8307, 33, 0.1000000000000001, 403, 182.4, 0.0, 6.0, -1.0, 203, 46797.0, -1
8361, 35, 2.6, 397, 175.5, 2.0, 8.0, 2.0, 197, 46994.0, -6
8411, 34, 0.8, 397, 177.3, 1.0, 9.0, -1.0, 197, 47191.0, 0
8465, 30, -2.6, 397, 177.3, -3.0, 6.0, -4.0, 197, 47388.0, 0
8519, 31, 0.1, 393, 172.5, -2.0, 4.0, 1.0, 193, 47581.00000000001, -4
8581, 31, -0.6000000000000001, 393, 173.7, -2.0, 2.0, 0.0, 193, 47774.0, 0
8642, 30, -1.8, 401, 183.3, -3.0, -1.0, -1.0, 201, 47975.0, 8
8693, 31, -0.6000000000000001, 404, 184.5, -2.0, -3.0, 1.0, 204, 48179.0, 3
8749, 30, -2.3, 404, 183.6, -3.0, -6.0, -1.0, 204, 48383.0, 0
8801, 31, -1.1, 425, 208.8, -2.0, -8.0, 1.0, 225, 48608.0, 21
8859, 30, -2.8, 433, 212.1, -3.0, -11.0, -1.0, 233, 48841.0, 8
8910, 30, -2.600000000000001, 411, 183.3, -3.0, -14.0, 0.0, 211, 49052.00000000001, -22
8964, 33, 0.1, 392, 167.1, 0.0, -14.0, 3.0, 192, 49244.0, -19
9019, 36, 1.6, 397, 178.8, 3.0, -11.0, 3.0, 197, 49441.00000000001, 5
9074, 43, 7.4, 416, 200.1, 10.0, -1.0, 7.0, 216, 49657.0, 19
9129, 39, 0.9000000000000004, 418, 196.8, 6.0, 5.0, -4.0, 218, 49875.0, 2
9183, 39, 3.5, 403, 178.2, 6.0, 11.0, 0.0, 203, 50078.0, -15
9238, 38, 3.1, 397, 175.5, 5.0, 16.0, -1.0, 197, 50275.0, -6
9293, 41, 7.100000000000001, 393, 172.5, 8.0, 24.0, 3.0, 193, 50468.0, -4
9348, 33, -1.6, 399, 180.9, 0.0, 24.0, -8.0, 199, 50667.0, 6
9401, 28, -2.6, 391, 169.5, -5.0, 19.0, -5.0, 191, 50858.0, -8
9454, 28, -0.5999999999999998, 399, 181.5, -5.0, 14.0, 0.0, 199, 51057.00000000001, 8
9504, 29, -0.1000000000000001, 392, 170.7, -4.0, 10.0, 1.0, 192, 51249.0, -7
9556, 29, -1.0, 391, 171.6, -4.0, 6.0, 0.0, 191, 51440.0, -1
9614, 26, -4.4, 384, 163.5, -7.0, -1.0, -3.0, 184, 51624.0, -7
9667, 26, -3.600000000000001, 391, 174.0, -7.0, -8.0, 0.0, 191, 51815.00000000001, 7
9722, 27, -3.300000000000001, 399, 181.5, -6.0, -14.0, 1.0, 199, 52014.0, 8
9775, 30, -1.4, 433, 219.9, -3.0, -17.0, 3.0, 233, 52247.0, 34
9832, 35, 1.8, 427, 202.5, 2.0, -15.0, 5.0, 227, 52474.0, -6
9886, 34, -1.5, 392, 162.3, 1.0, -14.0, -1.0, 192, 52666.0, -35
9938, 32, -2.9, 397, 178.8, -1.0, -15.0, -2.0, 197, 52863.00000000001, 5
9992, 37, 3.0, 391, 170.1, 4.0, -11.0, 5.0, 191, 53054.00000000001, -6
10046, 39, 2.9, 416, 201.9, 6.0, -5.0, 2.0, 216, 53270.0, 25
10101, 37, 0.5, 418, 196.8, 4.0, -1.0, -2.0, 218, 53488.00000000001, 2
10156, 35, -0.1, 399, 173.4, 2.0, 1.0, -2.0, 199, 53687.0, -19
10212, 37, 3.1, 420, 204.3, 4.0, 5.0, 2.0, 220, 53907.0, 21
10271, 46, 11.5, 326, 85.20000000000001, 13.0, 18.0, 9.0, 126, 54033.00000000001, -94
10331, 40, 2.300000000000001, 401, 203.4, 7.0, 25.0, -6.0, 201, 54234.0, 75
10386, 34, 0.0, 340, 107.7, 1.0, 26.0, -6.0, 140, 54374.0, -61
10441, 35, 4.100000000000001, 334, 118.8, 2.0, 28.0, 1.0, 134, 54508.0, -6
10492, 31, -0.2, 334, 120.6, -2.0, 26.0, -4.0, 134, 54642.0, 0
10548, 33, 3.6, 321, 105.0, 0.0, 26.0, 2.0, 121, 54763.0, -13
10612, 28, -2.4, 321, 108.9, -5.0, 21.0, -5.0, 121, 54884.0, 0
