time, color, angle, distance, speed, color_dev, color_int, color_der, speed_dev, speed_int, speed_der
3, 27, -6.6, 917, 1290.6, -6.0, -6.0, -6.0, 717, 717.0, 717.0
61, 27, -4.2, 921, 1082.7, -6.0, -12.0, 0.0, 721, 1438.0, 4
116, 27, -4.8, 869, 987.9, -6.0, -18.0, 0.0, 669, 2107.0, -52
171, 29, -3.2, 923, 1100.7, -4.0, -22.0, 2.0, 723, 2830.0, 54
225, 36, 3.1, 948, 1129.5, 3.0, -19.0, 7.0, 748, 3578.0, 25
275, 42, 6.5, 878, 996.0000000000001, 9.0, -10.0, 6.0, 678, 4256.0, -70
332, 39, 1.1, 924, 1099.8, 6.0, -4.0, -3.0, 724, 4980.0, 46
400, 34, -2.3, 849, 951.0, 1.0, -3.0, -5.0, 649, 5629.0, -75
452, 29, -5.2, 849, 973.4999999999999, -4.0, -7.0, -5.0, 649, 6278.0, 0
511, 33, 1.3, 835, 948.3000000000001, 0.0, -7.0, 4.0, 635, 6913.0, -14
571, 41, 8.1, 825, 934.5000000000001, 8.0, 1.0, 8.0, 625, 7538.0, -10
622, 42, 6.0, 808, 906.9000000000001, 9.0, 10.0, 1.0, 608, 8146.000000000001, -17
679, 42, 6.4, 808, 912.0000000000001, 9.0, 19.0, 0.0, 608, 8754.000000000001, 0
732, 33, -2.6, 808, 912.0000000000001, 0.0, 19.0, -9.0, 608, 9362.0, 0
790, 24, -8.0, 795, 888.6000000000001, -9.0, 10.0, -9.0, 595, 9957.000000000001, -13
844, 24, -4.4, 795, 892.5000000000001, -9.0, 1.0, 0.0, 595, 10552.0, 0
900, 27, -2.0, 757, 824.1, -6.0, -5.0, 3.0, 557, 11109.0, -38
960, 30, -0.7999999999999998, 757, 835.5, -3.0, -8.0, 3.0, 557, 11666.0, 0
1018, 32, -0.3999999999999999, 779, 875.1000000000001, -1.0, -9.0, 2.0, 579, 12245.0, 22
1072, 32, -1.5, 779, 868.5, -1.0, -10.0, 0.0, 579, 12824.0, 0
1130, 36, 2.8, 779, 868.5, 3.0, -7.0, 4.0, 579, 13403.0, 0
1187, 34, -1.1, 630, 600.3, 1.0, -6.0, -2.0, 430, 13833.0, -149
1242, 36, 2.2, 706, 781.8, 3.0, -3.0, 2.0, 506, 14339.0, 76
1295, 37, 2.6, 722, 787.8, 4.0, 1.0, 1.0, 522, 14861.0, 16
1351, 35, 0.3, 730, 797.4, 2.0, 3.0, -2.0, 530, 15391.0, 8
1404, 36, 2.6, 689, 721.2000000000001, 3.0, 6.0, 1.0, 489, 15880.0, -41
1461, 35, 1.3, 744, 832.4999999999999, 2.0, 8.0, -1.0, 544, 16424.0, 55
1519, 35, 2.0, 721, 774.6, 2.0, 10.0, 0.0, 521, 16945.0, -23
1574, 39, 6.6, 670, 689.7, 6.0, 16.0, 4.0, 470, 17415.0, -51
1629, 35, 0.7999999999999998, 658, 683.4, 2.0, 18.0, -4.0, 458, 17873.0, -12
1685, 31, -1.4, 618, 615.0, -2.0, 16.0, -4.0, 418, 18291.0, -40
1736, 28, -2.9, 681, 740.4, -5.0, 11.0, -3.0, 481, 18772.0, 63
1791, 28, -1.9, 590, 557.7000000000001, -5.0, 6.0, 0.0, 390, 19162.0, -91
1845, 31, 0.9, 590, 585.0000000000001, -2.0, 4.0, 3.0, 390, 19552.0, 0
1902, 31, -0.8, 590, 585.0000000000001, -2.0, 2.0, 0.0, 390, 19942.0, 0
1955, 32, 0.1, 624, 646.2000000000001, -1.0, 1.0, 1.0, 424, 20366.0, 34
2009, 38, 6.1, 609, 609.0, 5.0, 6.0, 6.0, 409, 20775.0, -15
2064, 36, 1.4, 555, 516.2999999999999, 3.0, 9.0, -2.0, 355, 21130.0, -54
2124, 27, -7.2, 550, 523.5, -6.0, 3.0, -9.0, 350, 21480.0, -5
2174, 28, -2.2, 527, 483.6, -5.0, -2.0, 1.0, 327, 21807.0, -23
2231, 29, -2.1, 504, 449.1000000000001, -4.0, -6.0, 1.0, 304, 22111.0, -23
2286, 33, 1.4, 492, 434.4, 0.0, -6.0, 4.0, 292, 22403.0, -12
2343, 32, -1.7, 345, 173.4, -1.0, -7.0, -1.0, 145, 22548.0, -147
2394, 33, -0.2000000000000001, 462, 428.1000000000001, 0.0, -7.0, 1.0, 262, 22810.0, 117
2444, 39, 5.9, 464, 396.6, 6.0, -1.0, 6.0, 264, 23074.0, 2
2494, 42, 6.8, 452, 374.4, 9.0, 8.0, 3.0, 252, 23326.0, -12
2557, 36, -0.3999999999999999, 452, 378.0, 3.0, 11.0, -6.0, 252, 23578.0, 0
2611, 33, -0.3999999999999999, 429, 336.6, 0.0, 11.0, -3.0, 229, 23807.0, -23
2664, 28, -4.4, 326, 158.1, -5.0, 6.0, -5.0, 126, 23933.0, -103
2714, 26, -4.6, 418, 354.6, -7.0, -1.0, -2.0, 218, 24151.0, 92
2765, 36, 6.7, 401, 296.4, 3.0, 2.0, 10.0, 201, 24352.0, -17
2819, 45, 11.9, 397, 294.3, 12.0, 14.0, 9.0, 197, 24549.0, -4
2871, 34, -3.5, 397, 295.5, 1.0, 15.0, -11.0, 197, 24746.0, 0
2930, 31, -1.2, 389, 281.1, -2.0, 13.0, -3.0, 189, 24935.0, -8
2980, 29, -2.1, 389, 283.5, -4.0, 9.0, -2.0, 189, 25124.0, 0
3034, 33, 2.9, 399, 301.5, 0.0, 9.0, 4.0, 199, 25323.0, 10
3091, 36, 4.2, 391, 284.1, 3.0, 12.0, 3.0, 191, 25514.0, -8
3145, 39, 6.3, 380, 266.7, 6.0, 18.0, 3.0, 180, 25694.0, -11
3202, 40, 6.5, 383, 275.4, 7.0, 25.0, 1.0, 183, 25877.0, 3
3259, 32, -2.1, 376, 261.9, -1.0, 24.0, -8.0, 176, 26053.0, -7
3315, 24, -7.0, 374, 260.4, -9.0, 15.0, -8.0, 174, 26227.0, -2
3371, 24, -3.9, 365, 244.8, -9.0, 6.0, 0.0, 165, 26392.0, -9
3426, 30, 1.8, 376, 267.3, -3.0, 3.0, 6.0, 176, 26568.0, 11
3480, 33, 1.8, 370, 253.2, 0.0, 3.0, 3.0, 170, 26738.0, -6
3543, 34, 1.4, 372, 258.6, 1.0, 4.0, 1.0, 172, 26910.0, 2
3595, 35, 2.1, 364, 243.6, 2.0, 6.0, 1.0, 164, 27074.0, -8
3652, 32, -1.5, 357, 233.4, -1.0, 5.0, -3.0, 157, 27231.0, -7
3706, 30, -2.3, 349, 221.1, -3.0, 2.0, -2.0, 149, 27380.0, -8
3762, 29, -2.7, 340, 207.3, -4.0, -2.0, -1.0, 140, 27520.0, -9
3820, 32, 0.7, 338, 206.4, -1.0, -3.0, 3.0, 138, 27658.0, -2
3872, 36, 3.5, 338, 207.0, 3.0, 0.0, 4.0, 138, 27796.0, 0
3931, 34, -0.4, 338, 207.0, 1.0, 1.0, -2.0, 138, 27934.0, 0
3989, 32, -1.5, 336, 203.4, -1.0, 0.0, -2.0, 136, 28070.0, -2
4040, 31, -1.7, 329, 191.4, -2.0, -2.0, -1.0, 129, 28199.0, -7
4094, 32, -0.3, 329, 193.5, -1.0, -3.0, 1.0, 129, 28328.0, 0
4147, 32, -0.9, 329, 193.5, -1.0, -4.0, 0.0, 129, 28457.0, 0
4204, 36, 3.4, 330, 195.3, 3.0, -1.0, 4.0, 130, 28587.0, 1
4260, 34, -0.5, 340, 213.0, 1.0, 0.0, -2.0, 140, 28727.0, 10
4314, 32, -1.6, 338, 206.4, -1.0, -1.0, -2.0, 138, 28865.0, -2
4369, 35, 2.6, 340, 210.6, 2.0, 1.0, 3.0, 140, 29005.0, 2
4423, 39, 5.7, 345, 219.0, 6.0, 7.0, 4.0, 145, 29150.0, 5
4480, 37, 2.1, 349, 224.7, 4.0, 11.0, -2.0, 149, 29299.0, 4
4532, 29, -5.3, 349, 223.5, -4.0, 7.0, -8.0, 149, 29448.0, 0
4589, 26, -5.0, 347, 219.9, -7.0, 0.0, -3.0, 147, 29595.0, -2
4642, 30, 0.2, 340, 207.9, -3.0, -3.0, 4.0, 140, 29735.0, -7
4699, 37, 5.6, 328, 188.4, 4.0, 1.0, 7.0, 128, 29863.0, -12
4753, 36, 1.4, 321, 179.4, 3.0, 4.0, -1.0, 121, 29984.0, -7
4807, 31, -3.3, 328, 194.1, -2.0, 2.0, -5.0, 128, 30112.0, 7
4861, 30, -2.1, 334, 202.8, -3.0, -1.0, -1.0, 134, 30246.0, 6
4915, 35, 3.6, 329, 192.0, 2.0, 1.0, 5.0, 129, 30375.0, -5
4970, 36, 2.4, 329, 193.5, 3.0, 4.0, 1.0, 129, 30504.0, 0
5024, 34, 0.0, 330, 195.3, 1.0, 5.0, -2.0, 130, 30634.0, 1
5075, 32, -1.1, 326, 187.8, -1.0, 4.0, -2.0, 126, 30760.0, -4
5129, 30, -2.4, 329, 194.4, -3.0, 1.0, -2.0, 129, 30889.0, 3
5190, 33, 1.6, 328, 191.7, 0.0, 1.0, 3.0, 128, 31017.0, -1
5244, 35, 2.3, 336, 206.4, 2.0, 3.0, 2.0, 136, 31153.0, 8
5301, 36, 2.6, 329, 191.4, 3.0, 6.0, 1.0, 129, 31282.0, -7
5355, 35, 1.3, 330, 195.3, 2.0, 8.0, -1.0, 130, 31412.0, 1
5411, 35, 2.0, 328, 191.4, 2.0, 10.0, 0.0, 128, 31540.0, -2
5464, 33, 0.0, 321, 179.4, 0.0, 10.0, -2.0, 121, 31661.0, -7
5519, 37, 5.4, 338, 212.1, 4.0, 14.0, 4.0, 138, 31799.0, 17
5573, 35, 1.6, 334, 199.8, 2.0, 16.0, -2.0, 134, 31933.0, -4
5632, 31, -1.6, 336, 204.6, -2.0, 14.0, -4.0, 136, 32069.0, 2
5686, 27, -4.2, 340, 211.2, -6.0, 8.0, -4.0, 140, 32209.0, 4
5740, 24, -6.1, 338, 206.4, -9.0, -1.0, -3.0, 138, 32347.0, -2
5797, 27, -2.2, 355, 237.6, -6.0, -7.0, 3.0, 155, 32502.0, 17
5851, 31, 0.1000000000000001, 347, 218.1, -2.0, -9.0, 4.0, 147, 32649.0, -8
5902, 35, 2.3, 329, 188.1, 2.0, -7.0, 4.0, 129, 32778.0, -18
5961, 36, 1.6, 334, 202.5, 3.0, -4.0, 1.0, 134, 32912.0, 5
6017, 34, -0.8, 338, 208.2, 1.0, -3.0, -2.0, 138, 33050.0, 4
6069, 34, 0.3, 329, 190.8, 1.0, -2.0, 0.0, 129, 33179.0, -9
6125, 36, 2.6, 329, 193.5, 3.0, 1.0, 2.0, 129, 33308.0, 0
6177, 38, 4.1, 330, 195.3, 5.0, 6.0, 2.0, 130, 33438.0, 1
6231, 35, 0.3, 329, 193.2, 2.0, 8.0, -3.0, 129, 33567.0, -1
6289, 31, -2.4, 329, 193.5, -2.0, 6.0, -4.0, 129, 33696.0, 0
6340, 33, 1.6, 329, 193.5, 0.0, 6.0, 2.0, 129, 33825.0, 0
6390, 39, 7.2, 329, 193.5, 6.0, 12.0, 6.0, 129, 33954.0, 0
6443, 37, 2.6, 321, 179.1, 4.0, 16.0, -2.0, 121, 34075.0, -8
6494, 33, -0.3999999999999999, 330, 197.7, 0.0, 16.0, -4.0, 130, 34205.0, 9
6545, 28, -3.9, 334, 202.2, -5.0, 11.0, -5.0, 134, 34339.0, 4
6602, 26, -4.1, 338, 208.2, -7.0, 4.0, -2.0, 138, 34477.0, 4
6653, 26, -3.8, 334, 199.8, -7.0, -3.0, 0.0, 134, 34611.0, -4
6710, 29, -1.2, 334, 201.0, -4.0, -7.0, 3.0, 134, 34745.0, 0
6765, 31, -0.9, 330, 193.8, -2.0, -9.0, 2.0, 130, 34875.0, -4
6820, 34, 1.2, 330, 195.0, 1.0, -8.0, 3.0, 130, 35005.0, 0
6875, 33, -1.3, 340, 213.0, 0.0, -8.0, -1.0, 140, 35145.0, 10
6935, 33, -0.8, 340, 210.0, 0.0, -8.0, 0.0, 140, 35285.0, 0
6989, 33, -0.8, 334, 199.2, 0.0, -8.0, 0.0, 134, 35419.0, -6
7045, 39, 5.8, 336, 204.6, 6.0, -2.0, 6.0, 136, 35555.0, 2
7099, 37, 1.2, 334, 200.4, 4.0, 2.0, -2.0, 134, 35689.0, -2
7152, 31, -4.0, 347, 224.4, -2.0, 0.0, -6.0, 147, 35836.0, 13
7210, 31, -1.2, 334, 197.1, -2.0, -2.0, 0.0, 134, 35970.0, -13
7263, 34, 1.9, 336, 204.6, 1.0, -1.0, 3.0, 136, 36106.0, 2
7318, 37, 3.8, 329, 191.4, 4.0, 3.0, 3.0, 129, 36235.0, -7
7372, 34, -0.6, 329, 193.5, 1.0, 4.0, -3.0, 129, 36364.0, 0
7425, 34, 1.0, 334, 202.5, 1.0, 5.0, 0.0, 134, 36498.0, 5
7480, 35, 2.2, 330, 193.8, 2.0, 7.0, 1.0, 130, 36628.0, -4
7535, 31, -2.5, 326, 187.8, -2.0, 5.0, -4.0, 126, 36754.0, -4
7590, 29, -2.9, 334, 203.4, -4.0, 1.0, -2.0, 134, 36888.0, 8
7648, 32, 1.0, 330, 193.8, -1.0, 0.0, 3.0, 130, 37018.0, -4
7701, 35, 2.7, 336, 205.8, 2.0, 2.0, 3.0, 136, 37154.0, 6
7760, 35, 1.4, 340, 211.2, 2.0, 4.0, 0.0, 140, 37294.0, 4
7810, 33, -0.6, 338, 206.4, 0.0, 4.0, -2.0, 138, 37432.0, -2
7864, 35, 2.6, 334, 199.8, 2.0, 6.0, 2.0, 134, 37566.0, -4
7920, 34, 0.7000000000000002, 330, 193.8, 1.0, 7.0, -1.0, 130, 37696.0, -4
7973, 35, 2.4, 334, 202.2, 2.0, 9.0, 1.0, 134, 37830.0, 4
8029, 32, -1.2, 334, 201.0, -1.0, 8.0, -3.0, 134, 37964.0, 0
8090, 31, -0.9, 334, 201.0, -2.0, 6.0, -1.0, 134, 38098.0, 0
8141, 35, 3.8, 334, 201.0, 2.0, 8.0, 4.0, 134, 38232.0, 0
8192, 34, 0.9, 334, 201.0, 1.0, 9.0, -1.0, 134, 38366.0, 0
8248, 30, -2.9, 334, 201.0, -3.0, 6.0, -4.0, 134, 38500.0, 0
8305, 28, -3.4, 326, 186.6, -5.0, 1.0, -2.0, 126, 38626.0, -8
8361, 28, -2.9, 334, 203.4, -5.0, -4.0, 0.0, 134, 38760.0, 8
8420, 31, -0.1000000000000001, 338, 208.2, -2.0, -6.0, 3.0, 138, 38898.0, 4
8475, 31, -1.8, 340, 210.6, -2.0, -8.0, 0.0, 140, 39038.0, 2
8525, 34, 1.3, 330, 192.0, 1.0, -7.0, 3.0, 130, 39168.0, -10
8581, 35, 1.0, 330, 195.0, 2.0, -5.0, 1.0, 130, 39298.0, 0
8635, 32, -2.6, 338, 209.4, -1.0, -6.0, -3.0, 138, 39436.0, 8
8689, 33, -0.1000000000000001, 336, 203.4, 0.0, -6.0, 1.0, 136, 39572.0, -2
8739, 36, 2.7, 340, 211.2, 3.0, -3.0, 3.0, 140, 39712.0, 4
8795, 38, 3.7, 338, 206.4, 5.0, 2.0, 2.0, 138, 39850.0, -2
8849, 37, 2.1, 336, 203.4, 4.0, 6.0, -1.0, 136, 39986.0, -2
8900, 34, -0.2999999999999998, 330, 193.2, 1.0, 7.0, -3.0, 130, 40116.0, -6
8960, 33, 0.2000000000000001, 321, 178.8, 0.0, 7.0, -1.0, 121, 40237.0, -9
9014, 35, 2.9, 321, 181.5, 2.0, 9.0, 2.0, 121, 40358.0, 0
9069, 34, 1.0, 355, 242.7, 1.0, 10.0, -1.0, 155, 40513.0, 34
9122, 31, -1.7, 338, 201.9, -2.0, 8.0, -3.0, 138, 40651.0, -17
9173, 28, -3.7, 326, 185.4, -5.0, 3.0, -3.0, 126, 40777.0, -12
9232, 31, 0.6, 330, 196.2, -2.0, 1.0, 3.0, 130, 40907.0, 4
9290, 37, 5.5, 321, 178.8, 4.0, 5.0, 6.0, 121, 41028.0, -9
9352, 32, -2.6, 399, 321.9, -1.0, 4.0, -5.0, 199, 41227.0, 78
