time, color, angle, distance, speed, color_dev, color_int, color_der, speed_dev, speed_int, speed_der
0, 38, 6.0, 864, 1195.2, 5.0, 5.0, 5.0, 664, 664.0000000000001, 664.0000000000001
51, 38, 4.0, 864, 996.0000000000001, 5.0, 10.0, 0.0, 664, 1328.0, 0
103, 39, 5.699999999999999, 864, 996.0000000000001, 6.0, 16.0, 1.0, 664, 1992.0, 0
154, 39, 5.8, 872, 1010.4, 6.0, 22.0, 0.0, 672, 2664.0, 8
206, 39, 6.4, 878, 1018.8, 6.0, 28.0, 0.0, 678, 3342.000000000001, 6
257, 35, 2.2, 891, 1040.4, 2.0, 30.0, -4.0, 691, 4033.0, 13
310, 29, -2.8, 1061, 1342.5, -4.0, 26.0, -6.0, 861, 4894.0, 170
363, 20, -11.0, 865, 938.7, -13.0, 13.0, -9.0, 665, 5559.000000000001, -196
419, 16, -12.6, 879, 1022.7, -17.0, -4.0, -4.0, 679, 6238.0, 14
473, 18, -9.9, 879, 1018.5, -15.0, -19.0, 2.0, 679, 6917.000000000001, 0
531, 24, -5.199999999999999, 841, 950.1000000000001, -9.0, -28.0, 6.0, 641, 7558.0, -38
583, 34, 2.9, 827, 936.3, 1.0, -27.0, 10.0, 627, 8185.0, -14
637, 33, -3.2, 810, 909.9, 0.0, -27.0, -1.0, 610, 8795.0, -17
695, 33, -2.7, 808, 911.4000000000001, 0.0, -27.0, 0.0, 608, 9403.0, -2
746, 37, 2.1, 800, 897.6000000000001, 4.0, -23.0, 4.0, 600, 10003.0, -8
802, 45, 10.1, 786, 874.7999999999999, 12.0, -11.0, 8.0, 586, 10589.0, -14
858, 43, 4.9, 764, 839.4, 10.0, -1.0, -2.0, 564, 11153.0, -22
911, 38, 0.9, 774, 864.0000000000001, 5.0, 4.0, -5.0, 574, 11727.0, 10
971, 34, -0.9, 774, 860.9999999999999, 1.0, 5.0, -4.0, 574, 12301.0, 0
1025, 34, 1.2, 774, 860.9999999999999, 1.0, 6.0, 0.0, 574, 12875.0, 0
1081, 35, 2.5, 774, 860.9999999999999, 2.0, 8.0, 1.0, 574, 13449.0, 0
1135, 36, 3.4, 730, 781.8, 3.0, 11.0, 1.0, 530, 13979.0, -44
1186, 38, 5.6, 720, 777.0, 5.0, 16.0, 2.0, 520, 14499.0, -10
1242, 35, 1.5, 736, 808.7999999999999, 2.0, 18.0, -3.0, 536, 15035.0, 16
1295, 29, -4.0, 736, 804.0000000000001, -4.0, 14.0, -6.0, 536, 15571.0, 0
1352, 24, -7.399999999999999, 736, 804.0000000000001, -9.0, 5.0, -5.0, 536, 16107.0, 0
1405, 31, 2.6, 736, 804.0000000000001, -2.0, 3.0, 7.0, 536, 16643.0, 0
1461, 37, 6.1, 685, 712.2000000000001, 4.0, 7.0, 6.0, 485, 17128.0, -51
1515, 35, 1.1, 720, 790.5, 2.0, 9.0, -2.0, 520, 17648.0, 35
1573, 31, -2.5, 710, 762.0, -2.0, 7.0, -4.0, 510, 18158.0, -10
1631, 31, -0.7, 710, 765.0, -2.0, 5.0, 0.0, 510, 18668.0, 0
1692, 31, -0.9, 391, 190.8, -2.0, 3.0, 0.0, 191, 18859.0, -319
1745, 29, -3.5, 645, 743.7, -4.0, -1.0, -2.0, 445, 19304.0, 254
1801, 28, -4.1, 651, 678.2999999999999, -5.0, -6.0, -1.0, 451, 19755.0, 6
1861, 33, 1.9, 605, 593.7, 0.0, -6.0, 5.0, 405, 20160.0, -46
1914, 36, 3.0, 598, 594.9, 3.0, -3.0, 3.0, 398, 20558.0, -7
1972, 38, 4.2, 581, 566.4, 5.0, 2.0, 2.0, 381, 20939.0, -17
2027, 37, 2.5, 563, 539.1, 4.0, 6.0, -1.0, 363, 21302.0, -18
2082, 38, 4.6, 567, 551.7, 5.0, 11.0, 1.0, 367, 21669.0, 4
2142, 34, -0.1999999999999997, 448, 336.3, 1.0, 12.0, -4.0, 248, 21917.0, -119
2195, 30, -2.9, 532, 523.2, -3.0, 9.0, -4.0, 332, 22249.0, 84
2252, 28, -3.6, 523, 481.8000000000001, -5.0, 4.0, -2.0, 323, 22572.0, -9
2306, 32, 1.7, 321, 120.9, -1.0, 3.0, 4.0, 121, 22693.0, -202
2362, 35, 3.2, 500, 503.7, 2.0, 5.0, 3.0, 300, 22993.0, 179
2416, 39, 6.699999999999999, 496, 442.8, 6.0, 11.0, 4.0, 296, 23289.0, -4
2475, 30, -5.5, 490, 433.2, -3.0, 8.0, -9.0, 290, 23579.0, -6
2533, 27, -4.899999999999999, 488, 431.4, -6.0, 2.0, -3.0, 288, 23867.0, -2
2591, 32, 2.0, 469, 397.8, -1.0, 1.0, 5.0, 269, 24136.0, -19
2643, 32, -0.6, 454, 376.5, -1.0, 0.0, 0.0, 254, 24390.0, -15
2703, 31, -1.9, 447, 368.4, -2.0, -2.0, -1.0, 247, 24637.0, -7
2761, 35, 3.2, 446, 368.7, 2.0, 0.0, 4.0, 246, 24883.0, -1
2814, 37, 3.8, 425, 331.2, 4.0, 4.0, 2.0, 225, 25108.0, -21
2875, 34, -0.3999999999999999, 416, 321.3, 1.0, 5.0, -3.0, 216, 25324.0, -9
2932, 29, -4.8, 397, 289.8, -4.0, 1.0, -5.0, 197, 25521.0, -19
2991, 31, -0.3, 383, 270.3, -2.0, -1.0, 2.0, 183, 25704.0, -14
3042, 34, 2.1, 385, 278.1, 1.0, 0.0, 3.0, 185, 25889.0, 2
3095, 34, 0.7, 374, 257.7, 1.0, 1.0, 0.0, 174, 26063.0, -11
3152, 34, 0.8, 374, 261.0, 1.0, 2.0, 0.0, 174, 26237.0, 0
3206, 30, -3.9, 376, 264.6, -3.0, -1.0, -4.0, 176, 26413.0, 2
3257, 31, -1.0, 364, 242.4, -2.0, -3.0, 1.0, 164, 26577.0, -12
3312, 35, 3.1, 349, 219.0, 2.0, -1.0, 4.0, 149, 26726.0, -15
3363, 38, 4.9, 349, 223.5, 5.0, 4.0, 3.0, 149, 26875.0, 0
3414, 37, 2.7, 353, 230.7, 4.0, 8.0, -1.0, 153, 27028.0, 4
3464, 31, -3.6, 357, 236.7, -2.0, 6.0, -6.0, 157, 27185.0, 4
3523, 31, -0.7999999999999999, 347, 217.5, -2.0, 4.0, 0.0, 147, 27332.0, -10
3582, 34, 2.6, 353, 231.3, 1.0, 5.0, 3.0, 153, 27485.0, 6
3637, 36, 3.6, 353, 229.5, 3.0, 8.0, 2.0, 153, 27638.0, 0
3693, 33, -0.7, 349, 222.3, 0.0, 8.0, -3.0, 149, 27787.0, -4
3750, 33, 0.8, 349, 223.5, 0.0, 8.0, 0.0, 149, 27936.0, 0
3804, 29, -4.0, 357, 237.9, -4.0, 4.0, -4.0, 157, 28093.0, 8
3858, 27, -4.8, 340, 204.9, -6.0, -2.0, -2.0, 140, 28233.0, -17
3912, 29, -2.0, 345, 219.0, -4.0, -6.0, 2.0, 145, 28378.0, 5
3969, 33, 1.4, 347, 221.1, 0.0, -6.0, 4.0, 147, 28525.0, 2
4021, 35, 1.8, 340, 207.9, 2.0, -4.0, 2.0, 140, 28665.0, -7
4075, 38, 4.6, 338, 206.4, 5.0, 1.0, 3.0, 138, 28803.0, -2
4132, 37, 2.4, 340, 210.6, 4.0, 5.0, -1.0, 140, 28943.0, 2
4190, 33, -1.5, 329, 190.2, 0.0, 5.0, -4.0, 129, 29072.0, -11
4244, 30, -3.1, 336, 206.1, -3.0, 2.0, -3.0, 136, 29208.0, 7
4301, 32, 0.5, 340, 211.2, -1.0, 1.0, 2.0, 140, 29348.0, 4
4355, 33, 0.6, 338, 206.4, 0.0, 1.0, 1.0, 138, 29486.0, -2
4410, 35, 2.5, 336, 203.4, 2.0, 3.0, 2.0, 136, 29622.0, -2
4468, 39, 6.5, 340, 211.2, 6.0, 9.0, 4.0, 140, 29762.0, 4
4524, 42, 8.699999999999999, 347, 222.6, 9.0, 18.0, 3.0, 147, 29909.0, 7
4580, 36, 0.9, 338, 204.3, 3.0, 21.0, -6.0, 138, 30047.0, -9
4634, 28, -5.4, 334, 199.8, -5.0, 16.0, -8.0, 134, 30181.0, -4
4689, 24, -6.699999999999999, 334, 201.0, -9.0, 7.0, -4.0, 134, 30315.0, 0
4742, 25, -4.399999999999999, 328, 190.2, -8.0, -1.0, 1.0, 128, 30443.0, -6
4800, 27, -3.3, 334, 202.8, -6.0, -7.0, 2.0, 134, 30577.0, 6
4853, 30, -1.3, 334, 201.0, -3.0, -10.0, 3.0, 134, 30711.0, 0
4906, 35, 2.9, 334, 201.0, 2.0, -8.0, 5.0, 134, 30845.0, 0
4964, 37, 3.0, 334, 201.0, 4.0, -4.0, 2.0, 134, 30979.0, 0
5022, 34, -1.2, 338, 208.2, 1.0, -3.0, -3.0, 138, 31117.0, 4
5072, 31, -3.2, 348, 225.0, -2.0, -5.0, -3.0, 148, 31265.0, 10
5125, 32, -0.7000000000000002, 338, 204.0, -1.0, -6.0, 1.0, 138, 31403.0, -10
5182, 35, 2.3, 329, 190.8, 2.0, -4.0, 3.0, 129, 31532.0, -9
5237, 35, 1.0, 329, 193.5, 2.0, -2.0, 0.0, 129, 31661.0, 0
5294, 36, 2.4, 328, 191.7, 3.0, 1.0, 1.0, 128, 31789.0, -1
5362, 38, 4.6, 340, 213.6, 5.0, 6.0, 2.0, 140, 31929.0, 12
5412, 42, 8.899999999999999, 334, 199.2, 9.0, 15.0, 4.0, 134, 32063.0, -6
5463, 44, 10.2, 326, 186.6, 11.0, 26.0, 2.0, 126, 32189.0, -8
5522, 36, 0.7000000000000002, 338, 210.6, 3.0, 29.0, -8.0, 138, 32327.0, 12
5575, 30, -2.2, 328, 189.0, -3.0, 26.0, -6.0, 128, 32455.0, -10
5632, 22, -9.1, 338, 210.0, -11.0, 15.0, -8.0, 138, 32593.0, 10
5690, 20, -8.6, 334, 199.8, -13.0, 2.0, -2.0, 134, 32727.0, -4
5742, 24, -4.1, 338, 208.2, -9.0, -7.0, 4.0, 138, 32865.0, 4
5802, 33, 3.8, 330, 192.6, 0.0, -7.0, 9.0, 130, 32995.0, -8
5855, 35, 1.7, 321, 178.8, 2.0, -5.0, 2.0, 121, 33116.0, -9
5911, 36, 2.1, 321, 181.5, 3.0, -2.0, 1.0, 121, 33237.0, 0
5964, 34, -0.5, 334, 204.9, 1.0, -1.0, -2.0, 134, 33371.0, 13
6023, 33, -0.6, 336, 204.6, 0.0, -1.0, -1.0, 136, 33507.0, 2
6080, 34, 1.1, 328, 189.6, 1.0, 0.0, 1.0, 128, 33635.0, -8
6134, 33, -0.5, 336, 206.4, 0.0, 0.0, -1.0, 136, 33771.0, 8
6193, 33, 0.0, 336, 204.0, 0.0, 0.0, 0.0, 136, 33907.0, 0
6244, 32, -1.2, 336, 204.0, -1.0, -1.0, -1.0, 136, 34043.0, 0
6302, 36, 4.0, 336, 204.0, 3.0, 2.0, 4.0, 136, 34179.0, 0
6357, 40, 7.100000000000001, 340, 211.2, 7.0, 9.0, 4.0, 140, 34319.0, 4
6412, 35, -0.2000000000000002, 340, 210.0, 2.0, 11.0, -5.0, 140, 34459.0, 0
6470, 28, -5.9, 340, 210.0, -5.0, 6.0, -7.0, 140, 34599.0, 0
6525, 27, -4.1, 330, 192.0, -6.0, 0.0, -1.0, 130, 34729.0, -10
6580, 28, -3.0, 328, 191.4, -5.0, -5.0, 1.0, 128, 34857.0, -2
6631, 29, -2.8, 334, 202.8, -4.0, -9.0, 1.0, 134, 34991.0, 6
6682, 33, 1.1, 340, 211.8, 0.0, -9.0, 4.0, 140, 35131.0, 6
6734, 33, -0.9, 349, 226.2, 0.0, -9.0, 0.0, 149, 35280.0, 9
6788, 36, 2.7, 340, 207.3, 3.0, -6.0, 3.0, 140, 35420.0, -9
6844, 35, 0.2999999999999999, 328, 188.4, 2.0, -4.0, -1.0, 128, 35548.0, -12
6901, 36, 2.2, 329, 193.8, 3.0, -1.0, 1.0, 129, 35677.0, 1
6962, 35, 0.8, 334, 202.5, 2.0, 1.0, -1.0, 134, 35811.0, 5
7015, 33, -0.9, 330, 193.8, 0.0, 1.0, -2.0, 130, 35941.0, -4
7073, 39, 7.3, 330, 195.0, 6.0, 7.0, 6.0, 130, 36071.0, 0
7127, 42, 8.5, 329, 193.2, 9.0, 16.0, 3.0, 129, 36200.0, -1
7182, 32, -4.1, 334, 202.5, -1.0, 15.0, -10.0, 134, 36334.0, 5
7240, 28, -4.0, 340, 211.8, -5.0, 10.0, -4.0, 140, 36474.0, 6
7293, 26, -4.9, 336, 202.8, -7.0, 3.0, -2.0, 136, 36610.0, -4
7351, 31, 1.4, 330, 193.2, -2.0, 1.0, 5.0, 130, 36740.0, -6
7404, 35, 3.5, 328, 191.4, 2.0, 3.0, 4.0, 128, 36868.0, -2
7462, 32, -1.9, 334, 202.8, -1.0, 2.0, -3.0, 134, 37002.0, 6
7513, 33, 0.7, 329, 192.0, 0.0, 2.0, 1.0, 129, 37131.0, -5
7569, 31, -2.2, 340, 213.3, -2.0, 0.0, -2.0, 140, 37271.0, 11
7623, 32, -0.2, 334, 199.2, -1.0, -1.0, 1.0, 134, 37405.0, -6
7681, 31, -2.0, 329, 192.0, -2.0, -3.0, -1.0, 129, 37534.0, -5
7736, 31, -1.7, 334, 202.5, -2.0, -5.0, 0.0, 134, 37668.0, 5
7791, 31, -1.9, 338, 208.2, -2.0, -7.0, 0.0, 138, 37806.0, 4
7846, 33, 0.2999999999999999, 336, 203.4, 0.0, -7.0, 2.0, 136, 37942.0, -2
7901, 34, 0.4999999999999999, 336, 204.0, 1.0, -6.0, 1.0, 136, 38078.0, 0
7957, 37, 3.7, 338, 207.6, 4.0, -2.0, 3.0, 138, 38216.0, 2
8013, 37, 2.6, 330, 192.6, 4.0, 2.0, 0.0, 130, 38346.0, -8
8071, 38, 4.2, 338, 209.4, 5.0, 7.0, 1.0, 138, 38484.0, 8
8125, 38, 4.2, 332, 196.2, 5.0, 12.0, 0.0, 132, 38616.0, -6
8180, 31, -3.7, 334, 201.6, -2.0, 10.0, -7.0, 134, 38750.0, 2
8241, 28, -4.0, 334, 201.0, -5.0, 5.0, -3.0, 134, 38884.0, 0
8302, 28, -3.0, 334, 201.0, -5.0, 0.0, 0.0, 134, 39018.0, 0
8356, 33, 2.5, 334, 201.0, 0.0, 0.0, 5.0, 134, 39152.0, 0
8411, 37, 4.8, 334, 201.0, 4.0, 4.0, 4.0, 134, 39286.0, 0
8470, 38, 4.4, 330, 193.8, 5.0, 9.0, 1.0, 130, 39416.0, -4
8524, 35, 0.7999999999999998, 338, 209.4, 2.0, 11.0, -3.0, 138, 39554.0, 8
8581, 32, -1.1, 338, 207.0, -1.0, 10.0, -3.0, 138, 39692.0, 0
8641, 26, -6.9, 334, 199.8, -7.0, 3.0, -6.0, 134, 39826.0, -4
8692, 28, -2.2, 334, 201.0, -5.0, -2.0, 2.0, 134, 39960.0, 0
8751, 31, -0.1000000000000001, 326, 186.6, -2.0, -4.0, 3.0, 126, 40086.0, -8
8806, 37, 5.4, 330, 196.2, 4.0, 0.0, 6.0, 130, 40216.0, 4
8856, 40, 6.4, 334, 202.2, 7.0, 7.0, 3.0, 134, 40350.0, 4
8920, 38, 3.2, 330, 193.8, 5.0, 12.0, -2.0, 130, 40480.0, -4
8971, 33, -1.3, 336, 205.8, 0.0, 12.0, -5.0, 136, 40616.0, 6
9032, 27, -6.0, 326, 186.0, -6.0, 6.0, -6.0, 126, 40742.0, -10
9083, 26, -4.8, 355, 241.2, -7.0, -1.0, -1.0, 155, 40897.00000000001, 29
9141, 30, -0.1999999999999997, 330, 187.5, -3.0, -4.0, 4.0, 130, 41027.0, -25
9195, 30, -2.5, 321, 178.8, -3.0, -7.0, 0.0, 121, 41148.0, -9
9254, 35, 3.2, 326, 190.5, 2.0, -5.0, 5.0, 126, 41274.00000000001, 5
9311, 43, 10.5, 321, 180.0, 10.0, 5.0, 8.0, 121, 41395.0, -5
9374, 37, 0.2999999999999998, 308, 158.1, 4.0, 9.0, -6.0, 108, 41503.00000000001, -13
