time, color, angle, distance, speed, color_dev, color_int, color_der, speed_dev, speed_int, speed_der
0, 23, -14.0, 2550, 4935.0, -10.0, -10.0, -10.0, 2350, 2350.0, 2350.0
55, 22, -11.4, 2550, 4230.0, -11.0, -21.0, -1.0, 2350, 4700.0, 0
107, 22, -12.0, 2550, 4230.0, -11.0, -32.0, 0.0, 2350, 7050.000000000001, 0
161, 24, -10.3, 864, 689.4000000000001, -9.0, -41.00000000000001, 2.0, 664, 7714.0, -1686
214, 30, -3.800000000000001, 863, 1193.1, -3.0, -44.0, 6.0, 663, 8377.000000000001, -1
267, 36, 1.3, 886, 1241.7, 3.0, -41.00000000000001, 6.0, 686, 9063.000000000001, 23
324, 41, 5.6, 871, 1203.3, 8.0, -33.0, 5.0, 671, 9734.000000000002, -15
378, 55, 23.5, 849, 1161.6, 22.0, -11.0, 14.0, 649, 10383.0, -22
433, 55, 18.7, 848, 1166.1, 22.0, 11.0, 0.0, 648, 11031.0, -1
488, 46, 8.300000000000001, 845, 1160.1, 13.0, 24.0, -9.0, 645, 11676.0, -3
546, 28, -11.1, 845, 1161.0, -5.0, 19.0, -18.0, 645, 12321.0, 0
600, 14, -22.2, 833, 1135.8, -19.0, 0.0, -14.0, 633, 12954.0, -12
655, 10, -22.7, 817, 1105.8, -23.0, -23.0, -4.0, 617, 13571.0, -16
708, 14, -17.4, 823, 1123.2, -19.0, -42.0, 4.0, 623, 14194.0, 6
759, 27, -3.100000000000001, 366, 161.7, -6.0, -48.00000000000001, 13.0, 166, 14360.0, -457
817, 41, 9.4, 772, 1151.4, 8.0, -40.0, 14.0, 572, 14932.0, 406
871, 49, 14.4, 778, 1042.2, 16.0, -24.0, 8.0, 578, 15510.0, 6
925, 59, 26.0, 788, 1061.4, 26.0, 2.0, 10.0, 588, 16098.0, 10
982, 59, 23.6, 780, 1041.6, 26.0, 28.0, 0.0, 580, 16678.0, -8
1037, 48, 10.8, 780, 1044.0, 15.0, 43.0, -11.0, 580, 17258.0, 0
1091, 32, -4.6, 765, 1012.5, -1.0, 42.0, -16.0, 565, 17823.0, -15
1148, 12, -24.70000000000001, 765, 1017.0, -21.0, 21.0, -20.0, 565, 18388.0, 0
1203, 7, -23.8, 756, 998.1, -26.0, -5.0, -5.0, 556, 18944.0, -9
1257, 9, -21.1, 756, 1000.8, -24.0, -29.0, 2.0, 556, 19500.0, 0
1316, 20, -9.100000000000001, 756, 1000.8, -13.0, -42.0, 11.0, 556, 20056.0, 0
1377, 40, 12.1, 756, 1000.8, 7.0, -35.0, 20.0, 556, 20612.0, 0
1431, 48, 14.0, 736, 958.8000000000001, 15.0, -20.0, 8.0, 536, 21148.0, -20
1486, 53, 18.5, 736, 964.8000000000001, 20.0, 0.0, 5.0, 536, 21684.0, 0
1540, 59, 26.40000000000001, 736, 964.8000000000001, 26.0, 26.0, 6.0, 536, 22220.0, 0
1595, 55, 20.4, 744, 981.6000000000001, 22.0, 48.00000000000001, -4.0, 544, 22764.0, 8
1649, 43, 7.800000000000001, 736, 962.4000000000001, 10.0, 58.00000000000001, -12.0, 536, 23300.0, -8
1703, 21, -16.0, 710, 910.2, -12.0, 46.00000000000001, -22.0, 510, 23810.0, -26
1766, 9, -23.0, 706, 909.6, -24.0, 22.0, -12.0, 506, 24316.0, -4
1820, 5, -25.0, 718, 935.9999999999999, -28.0, -6.0, -4.0, 518, 24834.0, 12
1871, 7, -23.0, 736, 970.2, -26.0, -32.0, 2.0, 536, 25370.0, 18
1927, 22, -5.600000000000001, 658, 801.0, -11.0, -43.0, 15.0, 458, 25828.0, -78
1982, 38, 8.199999999999999, 658, 824.4, 5.0, -38.0, 16.0, 458, 26286.0, 0
2037, 47, 13.3, 658, 824.4, 14.0, -24.0, 9.0, 458, 26744.0, 0
2096, 53, 18.6, 689, 889.5, 20.0, -4.0, 6.0, 489, 27233.0, 31
2149, 55, 20.4, 689, 880.2000000000001, 22.0, 18.0, 2.0, 489, 27722.0, 0
2204, 51, 16.0, 689, 880.2000000000001, 18.0, 36.0, -4.0, 489, 28211.0, 0
2258, 41, 5.800000000000001, 689, 880.2000000000001, 8.0, 44.0, -10.0, 489, 28700.0, 0
2313, 24, -12.2, 689, 880.2000000000001, -9.0, 35.0, -17.0, 489, 29189.0, 0
2369, 14, -18.6, 672, 844.5, -19.0, 16.0, -10.0, 472, 29661.0, -17
2423, 9, -22.5, 643, 788.7, -24.0, -8.0, -5.0, 443, 30104.0, -29
2477, 12, -18.2, 643, 797.4, -21.0, -29.0, 3.0, 443, 30547.0, 0
2530, 25, -3.600000000000001, 661, 835.2, -8.0, -37.0, 13.0, 461, 31008.0, 18
2586, 41, 11.5, 607, 716.4, 8.0, -29.0, 16.0, 407, 31415.0, -54
2640, 54, 22.5, 607, 732.6000000000001, 21.0, -8.0, 13.0, 407, 31822.0, 0
2696, 57, 22.3, 626, 772.5000000000001, 24.0, 16.0, 3.0, 426, 32248.0, 19
2751, 55, 20.4, 626, 766.8000000000001, 22.0, 38.0, -2.0, 426, 32674.0, 0
2807, 43, 6.800000000000001, 644, 804.6000000000001, 10.0, 48.00000000000001, -12.0, 444, 33118.0, 18
2865, 25, -11.4, 626, 761.4000000000001, -8.0, 40.0, -18.0, 426, 33544.0, -18
2918, 11, -22.8, 626, 766.8000000000001, -22.0, 18.0, -14.0, 426, 33970.0, 0
2972, 8, -22.2, 616, 745.8000000000001, -25.0, -7.0, -3.0, 416, 34386.0, -10
3031, 14, -14.8, 586, 685.8000000000001, -19.0, -26.0, 6.0, 386, 34772.0, -30
3086, 26, -2.9, 420, 346.2, -7.0, -33.0, 12.0, 220, 34992.0, -166
3146, 43, 14.2, 580, 732.0, 10.0, -23.0, 17.0, 380, 35372.0, 160
3198, 47, 12.3, 563, 648.3, 14.0, -9.0, 4.0, 363, 35735.0, -17
3256, 52, 18.7, 523, 569.4, 19.0, 10.0, 5.0, 323, 36058.0, -40
3309, 44, 6.9, 554, 646.5, 11.0, 21.0, -8.0, 354, 36412.0, 31
3362, 42, 9.199999999999999, 532, 591.0, 9.0, 30.0, -2.0, 332, 36744.0, -22
3416, 37, 4.100000000000001, 536, 606.0000000000001, 4.0, 34.0, -5.0, 336, 37080.0, 4
3470, 27, -7.0, 500, 529.2000000000001, -6.0, 28.0, -10.0, 300, 37380.0, -36
3525, 17, -16.6, 483, 504.3, -16.0, 12.0, -10.0, 283, 37663.0, -17
3586, 15, -16.0, 491, 526.2, -18.0, -6.0, -2.0, 291, 37954.0, 8
3637, 22, -7.0, 479, 498.6, -11.0, -17.0, 7.0, 279, 38233.0, -12
3695, 34, 5.2, 474, 491.7, 1.0, -16.0, 12.0, 274, 38507.0, -5
3753, 44, 13.3, 479, 503.7, 11.0, -5.0, 10.0, 279, 38786.0, 5
3807, 44, 9.4, 462, 466.5, 11.0, 6.0, 0.0, 262, 39048.0, -17
3876, 46, 13.3, 446, 438.0, 13.0, 19.0, 2.0, 246, 39294.0, -16
3927, 46, 13.6, 454, 459.6, 13.0, 32.0, 0.0, 254, 39548.0, 8
3982, 42, 9.300000000000001, 437, 421.5, 9.0, 41.00000000000001, -4.0, 237, 39785.0, -17
4036, 25, -11.6, 428, 407.7000000000001, -8.0, 33.0, -17.0, 228, 40013.00000000001, -9
4090, 13, -20.7, 420, 393.6, -20.0, 13.0, -12.0, 220, 40233.0, -8
4141, 9, -22.3, 420, 396.0, -24.0, -11.0, -4.0, 220, 40453.0, 0
4193, 11, -19.9, 410, 375.0, -22.0, -33.0, 2.0, 210, 40663.0, -10
4246, 23, -6.300000000000001, 393, 342.3, -10.0, -43.0, 12.0, 193, 40856.0, -17
4297, 34, 2.1, 392, 345.3, 1.0, -42.0, 11.0, 192, 41048.0, -1
4350, 46, 13.5, 393, 347.7, 13.0, -29.0, 12.0, 193, 41241.0, 1
4406, 51, 15.8, 380, 320.1000000000001, 18.0, -11.0, 5.0, 180, 41421.0, -13
4459, 55, 20.7, 372, 307.2000000000001, 22.0, 11.0, 4.0, 172, 41593.0, -8
4516, 58, 25.1, 364, 292.8, 25.0, 36.0, 3.0, 164, 41757.0, -8
4573, 50, 14.9, 362, 291.0, 17.0, 53.00000000000001, -8.0, 162, 41919.0, -2
4629, 31, -6.0, 353, 272.7, -2.0, 51.00000000000001, -19.0, 153, 42072.0, -9
4684, 11, -24.70000000000001, 347, 262.8, -22.0, 29.0, -20.0, 147, 42219.0, -6
4742, 5, -25.3, 336, 241.5, -28.0, 1.0, -6.0, 136, 42355.0, -11
4795, 6, -23.70000000000001, 329, 230.1, -27.0, -26.0, 1.0, 129, 42484.0, -7
4848, 20, -7.300000000000001, 328, 230.1, -13.0, -39.0, 14.0, 128, 42612.00000000001, -1
4899, 34, 4.0, 326, 226.2, 1.0, -38.0, 14.0, 126, 42738.0, -2
4950, 36, -0.1, 328, 231.0, 3.0, -35.0, 2.0, 128, 42866.0, 2
5001, 37, 0.6000000000000001, 330, 234.6, 4.0, -31.0, 1.0, 130, 42996.0, 2
5055, 36, -0.9, 326, 225.6, 3.0, -28.0, -1.0, 126, 43122.0, -4
5109, 44, 11.1, 321, 216.3, 11.0, -17.0, 8.0, 121, 43243.0, -5
5161, 53, 20.8, 321, 217.8, 20.0, 3.0, 9.0, 121, 43364.0, 0
5211, 51, 15.5, 326, 228.3, 18.0, 21.0, -2.0, 126, 43490.0, 5
5261, 36, -2.699999999999999, 326, 226.8, 3.0, 24.0, -15.0, 126, 43616.0, 0
5317, 27, -7.500000000000001, 321, 216.3, -6.0, 18.0, -9.0, 121, 43737.0, -5
5368, 22, -10.6, 321, 217.8, -11.0, 7.0, -5.0, 121, 43858.00000000001, 0
5419, 24, -6.4, 326, 228.3, -9.0, -2.0, 2.0, 126, 43984.00000000001, 5
5469, 31, 1.5, 326, 226.8, -2.0, -4.0, 7.0, 126, 44110.0, 0
5520, 36, 4.800000000000001, 321, 216.3, 3.0, -1.0, 5.0, 121, 44231.0, -5
5571, 37, 4.0, 326, 228.3, 4.0, 3.0, 1.0, 126, 44357.00000000001, 5
5626, 34, -0.2999999999999998, 326, 226.8, 1.0, 4.0, -3.0, 126, 44483.00000000001, 0
5678, 32, -1.5, 321, 216.3, -1.0, 3.0, -2.0, 121, 44604.0, -5
5737, 34, 2.2, 324, 224.1, 1.0, 4.0, 2.0, 124, 44728.0, 3
5788, 36, 4.100000000000001, 322, 219.0, 3.0, 7.0, 2.0, 122, 44850.0, -2
5847, 39, 7.600000000000001, 320, 215.4, 6.0, 13.0, 3.0, 120, 44970.0, -2
5900, 43, 12.3, 303, 180.3, 10.0, 23.0, 4.0, 103, 45073.0, -17
5955, 40, 7.100000000000001, 304, 187.5, 7.0, 30.0, -3.0, 104, 45177.0, 1
6008, 34, 0.9000000000000004, 304, 187.2, 1.0, 31.0, -6.0, 104, 45281.0, 0
6066, 23, -11.4, 304, 187.2, -10.0, 21.0, -11.0, 104, 45385.0, 0
6129, 21, -9.700000000000001, 303, 185.1, -12.0, 9.0, -2.0, 103, 45488.0, -1
6186, 23, -7.1, 308, 195.9, -10.0, -1.0, 2.0, 108, 45596.00000000001, 5
6238, 28, -2.1, 302, 181.8, -5.0, -6.0, 5.0, 102, 45698.0, -6
6288, 31, -0.9000000000000004, 302, 183.6, -2.0, -8.0, 3.0, 102, 45800.0, 0
6345, 35, 3.0, 298, 175.2, 2.0, -6.0, 4.0, 98, 45898.0, -4
6399, 35, 1.2, 302, 184.8, 2.0, -4.0, 0.0, 102, 46000.00000000001, 4
6456, 35, 1.4, 302, 183.6, 2.0, -2.0, 0.0, 102, 46102.0, 0
6510, 35, 1.6, 302, 183.6, 2.0, 0.0, 0.0, 102, 46204.0, 0
6565, 33, -1.0, 308, 196.2, 0.0, 0.0, -2.0, 108, 46312.00000000001, 6
6617, 34, 1.4, 308, 194.4, 1.0, 1.0, 1.0, 108, 46420.0, 0
6672, 33, -0.4, 302, 181.8, 0.0, 1.0, -1.0, 102, 46522.00000000001, -6
6726, 33, 0.1, 302, 183.6, 0.0, 1.0, 0.0, 102, 46624.0, 0
6777, 39, 8.5, 302, 183.6, 6.0, 7.0, 6.0, 102, 46726.0, 0
6831, 45, 14.5, 302, 183.6, 12.0, 19.0, 6.0, 102, 46828.0, 0
6887, 47, 15.5, 302, 183.6, 14.0, 33.0, 2.0, 102, 46930.00000000001, 0
6947, 34, -2.3, 296, 171.0, 1.0, 34.0, -13.0, 96, 47026.0, -6
6998, 21, -13.9, 297, 174.9, -12.0, 22.0, -13.0, 97, 47123.0, 1
7056, 16, -15.6, 297, 174.6, -17.0, 5.0, -5.0, 97, 47220.0, 0
7115, 18, -12.0, 302, 185.1, -15.0, -10.0, 2.0, 102, 47322.00000000001, 5
7170, 26, -3.300000000000001, 302, 183.6, -7.0, -17.0, 8.0, 102, 47424.0, 0
7220, 34, 3.2, 302, 183.6, 1.0, -16.0, 8.0, 102, 47526.0, 0
7277, 39, 6.300000000000001, 302, 183.6, 6.0, -10.0, 5.0, 102, 47628.0, 0
7331, 39, 4.4, 302, 183.6, 6.0, -4.0, 0.0, 102, 47730.00000000001, 0
7387, 35, -0.5999999999999998, 302, 183.6, 2.0, -2.0, -4.0, 102, 47832.0, 0
7445, 33, -1.2, 303, 185.7, 0.0, -2.0, -2.0, 103, 47935.0, 1
7499, 33, -0.2, 297, 172.8, 0.0, -2.0, 0.0, 97, 48032.0, -6
7554, 35, 2.6, 297, 174.6, 2.0, 0.0, 2.0, 97, 48129.0, 0
7607, 34, 0.4, 302, 185.1, 1.0, 1.0, -1.0, 102, 48231.0, 5
7661, 32, -1.8, 302, 183.6, -1.0, 0.0, -2.0, 102, 48333.0, 0
7721, 34, 1.9, 302, 183.6, 1.0, 1.0, 2.0, 102, 48435.00000000001, 0
7775, 39, 8.0, 302, 183.6, 6.0, 7.0, 5.0, 102, 48537.0, 0
7829, 44, 13.1, 302, 183.6, 11.0, 18.0, 5.0, 102, 48639.0, 0
7880, 42, 8.9, 302, 183.6, 9.0, 27.0, -2.0, 102, 48741.0, 0
7935, 33, -1.8, 302, 183.6, 0.0, 27.0, -9.0, 102, 48843.00000000001, 0
7990, 27, -5.700000000000001, 298, 175.2, -6.0, 21.0, -6.0, 98, 48941.0, -4
8047, 21, -11.7, 296, 172.2, -12.0, 9.0, -6.0, 96, 49037.00000000001, -2
8102, 23, -7.1, 297, 174.9, -10.0, -1.0, 2.0, 97, 49134.0, 1
8156, 26, -4.9, 302, 185.1, -7.0, -8.0, 3.0, 102, 49236.0, 5
8213, 33, 2.7, 302, 183.6, 0.0, -8.0, 7.0, 102, 49338.00000000001, 0
8267, 36, 3.4, 298, 175.2, 3.0, -5.0, 3.0, 98, 49436.0, -4
8325, 35, 0.8, 298, 176.4, 2.0, -3.0, -1.0, 98, 49534.0, 0
8377, 32, -2.7, 302, 184.8, -1.0, -4.0, -3.0, 102, 49636.0, 4
8431, 32, -1.3, 303, 185.7, -1.0, -5.0, 0.0, 103, 49739.0, 1
8489, 35, 2.8, 303, 185.4, 2.0, -3.0, 3.0, 103, 49842.0, 0
8540, 39, 7.100000000000001, 302, 183.3, 6.0, 3.0, 4.0, 102, 49944.00000000001, -1
8593, 38, 4.3, 302, 183.6, 5.0, 8.0, -1.0, 102, 50046.0, 0
8644, 33, -1.7, 302, 183.6, 0.0, 8.0, -5.0, 102, 50148.0, 0
8700, 33, 0.8, 302, 183.6, 0.0, 8.0, 0.0, 102, 50250.0, 0
8754, 37, 6.4, 308, 196.2, 4.0, 12.0, 4.0, 108, 50358.0, 6
8807, 42, 11.8, 302, 181.8, 9.0, 21.0, 5.0, 102, 50460.0, -6
8865, 37, 3.2, 303, 185.7, 4.0, 25.0, -5.0, 103, 50563.0, 1
8925, 28, -6.5, 297, 172.8, -5.0, 20.0, -9.0, 97, 50660.0, -6
8979, 22, -10.9, 296, 172.5, -11.0, 9.0, -6.0, 96, 50756.00000000001, -1
9035, 22, -9.0, 296, 172.8, -11.0, -2.0, 0.0, 96, 50852.0, 0
9089, 27, -3.100000000000001, 302, 185.4, -6.0, -8.0, 5.0, 102, 50954.00000000001, 6
9145, 33, 2.2, 302, 183.6, 0.0, -8.0, 6.0, 102, 51056.0, 0
9196, 37, 4.800000000000001, 302, 183.6, 4.0, -4.0, 4.0, 102, 51158.0, 0
9253, 37, 3.2, 302, 183.6, 4.0, 0.0, 0.0, 102, 51260.0, 0
9307, 35, 0.8, 298, 175.2, 2.0, 2.0, -2.0, 98, 51358.00000000001, -4
9367, 32, -2.2, 297, 174.3, -1.0, 1.0, -3.0, 97, 51455.0, -1
9426, 33, 0.6, 302, 185.1, 0.0, 1.0, 1.0, 102, 51557.0, 5
9480, 34, 1.5, 303, 185.7, 1.0, 2.0, 1.0, 103, 51660.0, 1
9535, 34, 1.1, 304, 187.5, 1.0, 3.0, 0.0, 104, 51764.0, 1
9586, 33, -0.2, 302, 183.0, 0.0, 3.0, -1.0, 102, 51866.0, -2
9640, 33, 0.3, 302, 183.6, 0.0, 3.0, 0.0, 102, 51968.00000000001, 0
9694, 37, 5.9, 302, 183.6, 4.0, 7.0, 4.0, 102, 52070.0, 0
9748, 39, 7.100000000000001, 302, 183.6, 6.0, 13.0, 2.0, 102, 52172.0, 0
9805, 37, 3.9, 298, 175.2, 4.0, 17.0, -2.0, 98, 52270.0, -4
9860, 33, -0.2999999999999998, 320, 222.6, 0.0, 17.0, -4.0, 120, 52390.0, 22
9914, 31, -1.1, 302, 178.2, -2.0, 15.0, -2.0, 102, 52492.0, -18
9969, 29, -3.1, 302, 183.6, -4.0, 11.0, -2.0, 102, 52594.0, 0
10020, 29, -2.5, 304, 187.8, -4.0, 7.0, 0.0, 104, 52698.0, 2
10077, 29, -2.9, 296, 170.4, -4.0, 3.0, 0.0, 96, 52794.0, -8
10136, 30, -1.9, 294, 168.6, -3.0, 0.0, 1.0, 94, 52888.0, -2
10189, 33, 1.5, 282, 144.0, 0.0, 0.0, 3.0, 82, 52970.00000000001, -12
10240, 35, 2.8, 273, 128.7, 2.0, 2.0, 2.0, 73, 53043.0, -9
10291, 35, 2.0, 267, 118.8, 2.0, 4.0, 0.0, 67, 53110.0, -6
10347, 33, -0.6, 265, 116.4, 0.0, 4.0, -2.0, 65, 53175.0, -2
10407, 32, -1.0, 259, 104.4, -1.0, 3.0, -1.0, 59, 53234.0, -6
10464, 32, -0.6000000000000001, 250, 87.3, -1.0, 2.0, 0.0, 50, 53284.0, -9
10517, 33, 0.7, 249, 87.90000000000001, 0.0, 2.0, 1.0, 49, 53333.0, -1
