time, color, angle, distance, speed, color_dev, color_int, color_der, speed_dev, speed_int, speed_der
0, 42, 9.9, 865, 1197.0, 9.0, 9.0, 9.0, 665, 665.0, 665.0
56, 42, 6.3, 865, 997.5, 9.0, 18.0, 0.0, 665, 1330.0, 0
109, 40, 5.0, 861, 990.3, 7.0, 25.0, -2.0, 661, 1991.0, -4
165, 46, 13.3, 856, 982.5000000000001, 13.0, 38.0, 6.0, 656, 2647.0, -5
220, 48, 13.8, 855, 982.2000000000001, 15.0, 53.00000000000001, 2.0, 655, 3302.0, -1
272, 37, 2.2, 857, 986.1000000000001, 4.0, 57.0, -11.0, 657, 3959.000000000001, 2
326, 23, -7.3, 849, 971.1, -10.0, 47.0, -14.0, 649, 4608.0, -8
377, 17, -7.9, 857, 987.9, -16.0, 31.0, -6.0, 657, 5265.000000000001, 8
431, 16, -7.6, 831, 938.7, -17.0, 14.0, -1.0, 631, 5896.000000000001, -26
487, 18, -6.6, 826, 937.5, -15.0, -1.0, 2.0, 626, 6522.0, -5
540, 22, -4.7, 814, 917.3999999999999, -11.0, -12.0, 4.0, 614, 7136.0, -12
598, 24, -5.6, 804, 902.9999999999999, -9.0, -21.0, 2.0, 604, 7740.000000000001, -10
657, 24, -7.5, 802, 902.3999999999999, -9.0, -30.0, 0.0, 602, 8342.000000000001, -2
718, 26, -6.2, 802, 902.9999999999999, -7.0, -37.0, 2.0, 602, 8944.000000000001, 0
771, 32, -1.300000000000001, 802, 902.9999999999999, -1.0, -38.0, 6.0, 602, 9546.000000000001, 0
827, 40, 4.4, 802, 902.9999999999999, 7.0, -31.0, 8.0, 602, 10148.0, 0
887, 45, 6.6, 762, 831.0, 12.0, -19.0, 5.0, 562, 10710.0, -40
938, 46, 6.4, 762, 843.0, 13.0, -6.0, 1.0, 562, 11272.0, 0
996, 45, 6.1, 750, 821.4, 12.0, 6.0, -1.0, 550, 11822.0, -12
1049, 44, 6.7, 750, 825.0, 11.0, 17.0, -1.0, 550, 12372.0, 0
1106, 42, 6.1, 750, 825.0, 9.0, 26.0, -2.0, 550, 12922.0, 0
1158, 37, 2.5, 750, 825.0, 4.0, 30.0, -5.0, 550, 13472.0, 0
1216, 33, 1.0, 720, 771.0, 0.0, 30.0, -4.0, 520, 13992.0, -30
1271, 25, -5.8, 706, 754.8, -8.0, 22.0, -8.0, 506, 14498.0, -14
1325, 28, 0.7000000000000002, 706, 759.0, -5.0, 17.0, 3.0, 506, 15004.0, 0
1379, 32, 3.1, 706, 759.0, -1.0, 16.0, 4.0, 506, 15510.0, 0
1437, 34, 3.2, 681, 714.0000000000001, 1.0, 17.0, 2.0, 481, 15991.0, -25
1492, 33, 1.2, 563, 509.1, 0.0, 17.0, -1.0, 363, 16354.0, -118
1547, 28, -3.8, 563, 544.5, -5.0, 12.0, -5.0, 363, 16717.0, 0
1604, 24, -6.2, 563, 544.5, -9.0, 3.0, -4.0, 363, 17080.0, 0
1659, 26, -2.9, 563, 544.5, -7.0, -4.0, 2.0, 363, 17443.0, 0
1714, 26, -4.6, 563, 544.5, -7.0, -11.0, 0.0, 363, 17806.0, 0
1769, 28, -3.1, 651, 702.9, -5.0, -16.0, 2.0, 451, 18257.0, 88
1819, 33, 0.9, 730, 818.7000000000001, 0.0, -16.0, 5.0, 530, 18787.0, 79
1870, 39, 5.0, 730, 795.0, 6.0, -10.0, 6.0, 530, 19317.0, 0
1927, 42, 5.9, 680, 705.0, 9.0, -1.0, 3.0, 480, 19797.0, -50
1987, 43, 6.4, 633, 635.4, 10.0, 9.0, 1.0, 433, 20230.0, -47
2041, 37, 0.2999999999999998, 635, 653.1000000000001, 4.0, 13.0, -6.0, 435, 20665.0, 2
2096, 35, 1.5, 590, 571.5, 2.0, 15.0, -2.0, 390, 21055.0, -45
2154, 35, 2.7, 595, 594.0, 2.0, 17.0, 0.0, 395, 21450.0, 5
2208, 32, -0.3999999999999999, 570, 547.5000000000001, -1.0, 16.0, -3.0, 370, 21820.0, -25
2266, 29, -2.3, 519, 463.2, -4.0, 12.0, -3.0, 319, 22139.0, -51
2320, 32, 2.1, 551, 536.1000000000001, -1.0, 11.0, 3.0, 351, 22490.0, 32
2376, 32, 0.5, 536, 499.5, -1.0, 10.0, 0.0, 336, 22826.0, -15
2431, 38, 7.0, 519, 473.4, 5.0, 15.0, 6.0, 319, 23145.0, -17
2489, 35, 1.2, 515, 471.3, 2.0, 17.0, -3.0, 315, 23460.0, -4
2546, 32, -0.3999999999999999, 483, 414.9, -1.0, 16.0, -3.0, 283, 23743.0, -32
2600, 31, -0.1, 464, 390.3, -2.0, 14.0, -1.0, 264, 24007.0, -19
2657, 30, -0.9, 500, 460.8000000000001, -3.0, 11.0, -1.0, 300, 24307.0, 36
2713, 27, -4.0, 509, 466.2, -6.0, 5.0, -3.0, 309, 24616.0, 9
2768, 23, -7.5, 498, 443.7, -10.0, -5.0, -4.0, 298, 24914.0, -11
2822, 29, 0.1000000000000001, 481, 416.4, -4.0, -9.0, 6.0, 281, 25195.0, -17
2877, 33, 1.1, 464, 390.9, 0.0, -9.0, 4.0, 264, 25459.0, -17
2931, 41, 7.9, 452, 374.4, 8.0, -1.0, 8.0, 252, 25711.0, -12
2986, 40, 3.6, 420, 320.4, 7.0, 6.0, -1.0, 220, 25931.0, -32
3043, 34, -1.8, 425, 339.0, 1.0, 7.0, -6.0, 225, 26156.0, 5
3098, 32, -0.9, 404, 299.7, -1.0, 6.0, -2.0, 204, 26360.0, -21
3152, 33, 1.1, 397, 293.4, 0.0, 6.0, 1.0, 197, 26557.0, -7
3208, 28, -4.9, 389, 281.1, -5.0, 1.0, -5.0, 189, 26746.0, -8
3264, 32, 1.5, 376, 260.1, -1.0, 0.0, 4.0, 176, 26922.0, -13
3318, 37, 4.9, 366, 246.0, 4.0, 4.0, 5.0, 166, 27088.0, -10
3369, 37, 2.8, 377, 268.8, 4.0, 8.0, 0.0, 177, 27265.0, 11
3419, 33, -1.2, 361, 236.7, 0.0, 8.0, -4.0, 161, 27426.0, -16
3470, 29, -3.6, 365, 248.7, -4.0, 4.0, -4.0, 165, 27591.0, 4
3520, 30, -0.9, 364, 245.7, -3.0, 1.0, 1.0, 164, 27755.0, -1
3577, 31, -0.6000000000000001, 366, 249.6, -2.0, -1.0, 1.0, 166, 27921.0, 2
3631, 36, 4.2, 361, 240.0, 3.0, 2.0, 5.0, 161, 28082.0, -5
3686, 38, 4.2, 376, 268.5, 5.0, 7.0, 2.0, 176, 28258.0, 15
3740, 32, -2.9, 372, 256.8, -1.0, 6.0, -6.0, 172, 28430.0, -4
3790, 28, -4.4, 355, 227.4, -5.0, 1.0, -4.0, 155, 28585.0, -17
3846, 24, -7.3, 349, 221.7, -9.0, -8.0, -4.0, 149, 28734.0, -6
3899, 29, -0.7000000000000002, 348, 221.7, -4.0, -12.0, 5.0, 148, 28882.0, -1
3949, 34, 1.9, 348, 222.0, 1.0, -11.0, 5.0, 148, 29030.0, 0
4007, 38, 3.9, 347, 220.2, 5.0, -6.0, 4.0, 147, 29177.0, -1
4061, 37, 1.3, 340, 207.9, 4.0, -2.0, -1.0, 140, 29317.0, -7
4116, 35, 0.0, 347, 222.6, 2.0, 0.0, -2.0, 147, 29464.0, 7
4178, 34, 0.1, 340, 207.9, 1.0, 1.0, -1.0, 140, 29604.0, -7
4238, 35, 1.8, 338, 206.4, 2.0, 3.0, 1.0, 138, 29742.0, -2
4292, 35, 1.5, 353, 234.0, 2.0, 5.0, 0.0, 153, 29895.0, 15
4349, 36, 2.8, 329, 186.3, 3.0, 8.0, 1.0, 129, 30024.0, -24
4405, 37, 3.7, 340, 213.3, 4.0, 12.0, 1.0, 140, 30164.0, 11
4463, 40, 6.9, 348, 224.4, 7.0, 19.0, 3.0, 148, 30312.0, 8
4517, 37, 2.800000000000001, 348, 222.0, 4.0, 23.0, -3.0, 148, 30460.0, 0
4576, 32, -0.7999999999999998, 357, 238.2, -1.0, 22.0, -5.0, 157, 30617.0, 9
4638, 28, -2.8, 338, 201.3, -5.0, 17.0, -4.0, 138, 30755.0, -19
4693, 24, -5.7, 330, 192.6, -9.0, 8.0, -4.0, 130, 30885.0, -8
4747, 27, -1.3, 328, 191.4, -6.0, 2.0, 3.0, 128, 31013.0, -2
4801, 29, -1.2, 326, 188.4, -4.0, -2.0, 2.0, 126, 31139.0, -2
4856, 32, 0.7, 326, 189.0, -1.0, -3.0, 3.0, 126, 31265.0, 0
4912, 32, -0.9, 328, 192.6, -1.0, -4.0, 0.0, 128, 31393.0, 2
4966, 29, -4.3, 328, 192.0, -4.0, -8.0, -3.0, 128, 31521.0, 0
5020, 30, -2.1, 328, 192.0, -3.0, -11.0, 1.0, 128, 31649.0, 0
5074, 32, -0.7000000000000002, 328, 192.0, -1.0, -12.0, 2.0, 128, 31777.0, 0
5132, 35, 1.5, 345, 222.6, 2.0, -10.0, 3.0, 145, 31922.0, 17
5186, 36, 1.3, 355, 235.5, 3.0, -7.0, 1.0, 155, 32077.0, 10
5237, 34, -1.1, 357, 236.1, 1.0, -6.0, -2.0, 157, 32234.0, 2
5296, 37, 3.3, 334, 194.1, 4.0, -2.0, 3.0, 134, 32368.0, -23
5356, 39, 4.4, 328, 190.2, 6.0, 4.0, 2.0, 128, 32496.0, -6
5410, 37, 1.8, 336, 206.4, 4.0, 8.0, -2.0, 136, 32632.0, 8
5460, 36, 2.1, 357, 241.8, 3.0, 11.0, -1.0, 157, 32789.0, 21
5516, 35, 1.8, 347, 217.5, 2.0, 13.0, -1.0, 147, 32936.0, -10
5568, 34, 1.4, 321, 173.7, 1.0, 14.0, -1.0, 121, 33057.0, -26
5623, 33, 0.9000000000000002, 321, 181.5, 0.0, 14.0, -1.0, 121, 33178.0, 0
5680, 39, 8.0, 321, 181.5, 6.0, 20.0, 6.0, 121, 33299.0, 0
5740, 36, 2.3, 328, 194.1, 3.0, 23.0, -3.0, 128, 33427.0, 7
5796, 33, 0.8000000000000004, 330, 195.6, 0.0, 23.0, -3.0, 130, 33557.0, 2
5854, 29, -2.1, 326, 187.8, -4.0, 19.0, -4.0, 126, 33683.0, -4
5909, 28, -1.6, 328, 192.6, -5.0, 14.0, -1.0, 128, 33811.0, 2
5961, 28, -1.6, 328, 192.0, -5.0, 9.0, 0.0, 128, 33939.0, 0
6016, 27, -3.2, 321, 179.4, -6.0, 3.0, -1.0, 121, 34060.0, -7
6079, 30, 0.0, 339, 213.9, -3.0, 0.0, 3.0, 139, 34199.0, 18
6136, 33, 1.5, 336, 203.1, 0.0, 0.0, 3.0, 136, 34335.0, -3
6190, 36, 3.3, 336, 204.0, 3.0, 3.0, 3.0, 136, 34471.0, 0
6247, 36, 2.1, 329, 191.4, 3.0, 6.0, 0.0, 129, 34600.0, -7
6301, 29, -5.3, 336, 206.1, -4.0, 2.0, -7.0, 136, 34736.0, 7
6357, 26, -5.5, 330, 193.2, -7.0, -5.0, -3.0, 130, 34866.0, -6
6413, 27, -3.6, 329, 193.2, -6.0, -11.0, 1.0, 129, 34995.0, -1
6467, 32, 0.7999999999999998, 328, 191.7, -1.0, -12.0, 5.0, 128, 35123.0, -1
6520, 35, 1.5, 329, 193.8, 2.0, -10.0, 3.0, 129, 35252.0, 1
6577, 39, 4.6, 321, 179.1, 6.0, -4.0, 4.0, 121, 35373.0, -8
6631, 39, 3.2, 328, 194.1, 6.0, 2.0, 0.0, 128, 35501.0, 7
6686, 35, -0.6000000000000001, 328, 192.0, 2.0, 4.0, -4.0, 128, 35629.0, 0
6737, 34, 0.5, 334, 202.8, 1.0, 5.0, -1.0, 134, 35763.0, 6
6791, 34, 1.1, 340, 211.8, 1.0, 6.0, 0.0, 140, 35903.0, 6
6843, 33, 0.1000000000000001, 338, 206.4, 0.0, 6.0, -1.0, 138, 36041.0, -2
6897, 31, -1.6, 340, 210.6, -2.0, 4.0, -2.0, 140, 36181.0, 2
6957, 34, 2.5, 347, 222.6, 1.0, 5.0, 3.0, 147, 36328.0, 7
7016, 37, 4.4, 329, 188.1, 4.0, 9.0, 3.0, 129, 36457.0, -18
7066, 36, 2.2, 336, 206.1, 3.0, 12.0, -1.0, 136, 36593.0, 7
7120, 33, -0.2999999999999998, 336, 204.0, 0.0, 12.0, -3.0, 136, 36729.0, 0
7171, 29, -3.2, 345, 220.2, -4.0, 8.0, -4.0, 145, 36874.0, 9
7229, 28, -2.7, 328, 186.9, -5.0, 3.0, -1.0, 128, 37002.0, -17
7287, 32, 1.7, 326, 188.4, -1.0, 2.0, 4.0, 126, 37128.0, -2
7338, 31, -1.5, 330, 196.2, -2.0, 0.0, -1.0, 130, 37258.0, 4
7394, 31, -1.2, 328, 191.4, -2.0, -2.0, 0.0, 128, 37386.0, -2
7445, 32, -0.3, 328, 192.0, -1.0, -3.0, 1.0, 128, 37514.0, 0
7497, 35, 2.4, 328, 192.0, 2.0, -1.0, 3.0, 128, 37642.0, 0
7556, 35, 1.1, 329, 193.8, 2.0, 1.0, 0.0, 129, 37771.0, 1
7607, 34, 0.2, 328, 191.7, 1.0, 2.0, -1.0, 128, 37899.0, -1
7665, 33, -0.3, 328, 192.0, 0.0, 2.0, -1.0, 128, 38027.0, 0
7716, 33, 0.2, 330, 195.6, 0.0, 2.0, 0.0, 130, 38157.0, 2
7770, 32, -0.9, 340, 213.0, -1.0, 1.0, -1.0, 140, 38297.0, 10
7830, 31, -1.6, 347, 222.6, -2.0, -1.0, -1.0, 147, 38444.0, 7
7885, 34, 2.0, 334, 197.1, 1.0, 0.0, 3.0, 134, 38578.0, -13
7943, 37, 3.9, 328, 190.2, 4.0, 4.0, 3.0, 128, 38706.0, -6
7997, 38, 3.9, 340, 213.6, 5.0, 9.0, 1.0, 140, 38846.0, 12
8052, 31, -3.8, 357, 240.6, -2.0, 7.0, -7.0, 157, 39003.0, 17
8107, 29, -2.7, 338, 201.3, -4.0, 3.0, -2.0, 138, 39141.0, -19
8174, 33, 2.3, 330, 192.6, 0.0, 3.0, 4.0, 130, 39271.0, -8
8230, 35, 2.5, 321, 178.8, 2.0, 5.0, 2.0, 121, 39392.0, -9
8280, 36, 2.8, 328, 194.1, 3.0, 8.0, 1.0, 128, 39520.0, 7
8336, 33, -0.7, 328, 192.0, 0.0, 8.0, -3.0, 128, 39648.0, 0
8386, 33, 0.8, 329, 193.8, 0.0, 8.0, 0.0, 129, 39777.0, 1
8441, 30, -2.5, 321, 179.1, -3.0, 5.0, -3.0, 121, 39898.0, -8
8496, 33, 2.0, 326, 190.5, 0.0, 5.0, 3.0, 126, 40024.00000000001, 5
8554, 36, 3.8, 329, 194.4, 3.0, 8.0, 3.0, 129, 40153.0, 3
8609, 33, -0.7, 340, 213.3, 0.0, 8.0, -3.0, 140, 40293.0, 11
8665, 30, -2.5, 345, 219.0, -3.0, 5.0, -3.0, 145, 40438.0, 5
8720, 30, -1.3, 338, 204.9, -3.0, 2.0, 0.0, 138, 40576.0, -7
8776, 34, 2.8, 329, 190.8, 1.0, 3.0, 4.0, 129, 40705.0, -9
8834, 34, 0.9, 340, 213.3, 1.0, 4.0, 0.0, 140, 40845.0, 11
8886, 31, -2.3, 355, 237.0, -2.0, 2.0, -3.0, 155, 41000.00000000001, 15
8939, 29, -3.2, 340, 205.5, -4.0, -2.0, -2.0, 140, 41140.0, -15
8996, 33, 1.8, 328, 188.4, 0.0, -2.0, 4.0, 128, 41268.0, -12
9053, 34, 0.9, 321, 179.4, 1.0, -1.0, 1.0, 121, 41389.0, -7
9109, 34, 0.5, 330, 197.7, 1.0, 0.0, 0.0, 130, 41519.0, 9
9159, 35, 1.7, 321, 178.8, 2.0, 2.0, 1.0, 121, 41640.00000000001, -9
9210, 36, 2.5, 321, 181.5, 3.0, 5.0, 1.0, 121, 41761.0, 0
9262, 39, 5.6, 326, 190.5, 6.0, 11.0, 3.0, 126, 41887.0, 5
9317, 38, 3.6, 326, 189.0, 5.0, 16.0, -1.0, 126, 42013.0, 0
9375, 35, 1.3, 321, 180.0, 2.0, 18.0, -3.0, 121, 42134.0, -5
9431, 34, 1.9, 321, 181.5, 1.0, 19.0, -1.0, 121, 42255.0, 0
9487, 33, 1.4, 303, 149.1, 0.0, 19.0, -1.0, 103, 42358.0, -18
