time, color, angle, distance, speed, color_dev, color_int, color_der, speed_dev, speed_int, speed_der
0, 39, 7.199999999999999, 865, 1197.0, 6.0, 6.0, 6.0, 665, 665.0, 665.0
51, 39, 4.8, 869, 1004.7, 6.0, 12.0, 0.0, 669, 1334.0, 4
107, 39, 5.399999999999999, 865, 996.2999999999999, 6.0, 18.0, 0.0, 665, 1999.0, -4
158, 38, 4.800000000000001, 879, 1022.7, 5.0, 23.0, -1.0, 679, 2678.0, 14
214, 39, 7.0, 855, 975.3, 6.0, 29.0, 1.0, 655, 3333.0, -24
268, 46, 15.5, 879, 1025.7, 13.0, 42.0, 7.0, 679, 4012.0, 24
324, 46, 13.3, 857, 978.9, 13.0, 55.0, 0.0, 657, 4669.0, -22
378, 44, 12.2, 864, 998.1, 11.0, 66.00000000000001, -2.0, 664, 5333.0, 7
434, 27, -6.1, 835, 943.8000000000001, -6.0, 60.0, -17.0, 635, 5968.0, -29
488, 17, -10.2, 853, 984.9, -16.0, 44.0, -10.0, 653, 6621.000000000001, 18
545, 13, -11.6, 826, 930.8999999999999, -20.0, 24.0, -4.0, 626, 7247.0, -27
599, 15, -9.199999999999999, 818, 924.6, -18.0, 6.0, 2.0, 618, 7865.000000000001, -8
655, 17, -9.6, 808, 909.0, -16.0, -10.0, 2.0, 608, 8473.000000000001, -10
714, 22, -6.199999999999999, 810, 915.6000000000001, -11.0, -21.0, 5.0, 610, 9083.0, 2
765, 25, -6.2, 803, 902.3999999999999, -8.0, -29.0, 3.0, 603, 9686.0, -7
824, 30, -2.5, 792, 884.7000000000001, -3.0, -32.0, 5.0, 592, 10278.0, -11
879, 44, 11.5, 774, 855.6000000000001, 11.0, -21.0, 14.0, 574, 10852.0, -18
929, 48, 10.4, 774, 860.9999999999999, 15.0, -6.0, 4.0, 574, 11426.0, 0
987, 46, 7.5, 780, 871.8, 13.0, 7.0, -2.0, 580, 12006.0, 6
1041, 42, 5.0, 757, 828.6, 9.0, 16.0, -4.0, 557, 12563.0, -23
1096, 40, 5.5, 770, 858.9, 7.0, 23.0, -2.0, 570, 13133.0, 13
1153, 39, 6.0, 754, 826.2, 6.0, 29.0, -1.0, 554, 13687.0, -16
1205, 36, 3.5, 754, 831.0, 3.0, 32.0, -3.0, 554, 14241.0, 0
1259, 28, -4.3, 750, 823.8, -5.0, 27.0, -8.0, 550, 14791.0, -4
1309, 22, -8.0, 750, 825.0, -11.0, 16.0, -6.0, 550, 15341.0, 0
1364, 23, -4.9, 744, 814.2000000000001, -10.0, 6.0, 1.0, 544, 15885.0, -6
1417, 28, -0.3999999999999999, 730, 790.7999999999999, -5.0, 1.0, 5.0, 530, 16415.0, -14
1474, 32, 1.4, 721, 778.7999999999999, -1.0, 0.0, 4.0, 521, 16936.0, -9
1527, 38, 6.5, 618, 596.1, 5.0, 5.0, 6.0, 418, 17354.0, -103
1581, 36, 1.6, 720, 810.6, 3.0, 8.0, -2.0, 520, 17874.0, 102
1635, 33, -0.7, 713, 767.3999999999999, 0.0, 8.0, -3.0, 513, 18387.0, -7
1685, 32, -0.3999999999999999, 696, 738.9, -1.0, 7.0, -1.0, 496, 18883.0, -17
1739, 32, 1.110223024625157e-16, 693, 738.6, -1.0, 6.0, 0.0, 493, 19376.0, -3
1795, 28, -4.9, 693, 739.5, -5.0, 1.0, -4.0, 493, 19869.0, 0
1849, 26, -5.800000000000001, 680, 716.1, -7.0, -6.0, -2.0, 480, 20349.0, -13
1904, 28, -3.1, 685, 729.0, -5.0, -11.0, 2.0, 485, 20834.0, 5
1958, 36, 5.0, 668, 696.9, 3.0, -8.0, 8.0, 468, 21302.0, -17
2014, 36, 1.3, 662, 691.2000000000001, 3.0, -5.0, 0.0, 462, 21764.0, -6
2066, 38, 4.0, 660, 689.4, 5.0, 0.0, 2.0, 460, 22224.0, -2
2119, 40, 5.9, 645, 663.0, 7.0, 7.0, 2.0, 445, 22669.0, -15
2173, 41, 6.8, 645, 667.5, 8.0, 15.0, 1.0, 445, 23114.0, 0
2227, 37, 2.3, 643, 663.9, 4.0, 19.0, -4.0, 443, 23557.0, -2
2283, 36, 3.5, 633, 646.5, 3.0, 22.0, -1.0, 433, 23990.0, -10
2337, 31, -1.7, 626, 636.9, -2.0, 20.0, -5.0, 426, 24416.0, -7
2395, 25, -6.6, 614, 617.3999999999999, -8.0, 12.0, -6.0, 414, 24830.0, -12
2449, 24, -5.6, 607, 608.4, -9.0, 3.0, -1.0, 407, 25237.0, -7
2504, 28, -1.2, 598, 594.3, -5.0, -2.0, 4.0, 398, 25635.0, -9
2559, 34, 3.5, 590, 582.6000000000001, 1.0, -1.0, 6.0, 390, 26025.0, -8
2613, 35, 1.8, 586, 577.8, 2.0, 1.0, 1.0, 386, 26411.0, -4
2674, 35, 1.5, 573, 555.6, 2.0, 3.0, 0.0, 373, 26784.0, -13
2729, 35, 1.7, 567, 548.7000000000001, 2.0, 5.0, 0.0, 367, 27151.0, -6
2782, 35, 1.9, 527, 478.5, 2.0, 7.0, 0.0, 327, 27478.0, -40
2836, 38, 5.7, 510, 459.9, 5.0, 12.0, 3.0, 310, 27788.0, -17
2891, 34, -0.1000000000000001, 534, 508.2, 1.0, 13.0, -4.0, 334, 28122.0, 24
2945, 33, 0.8, 511, 459.6, 0.0, 13.0, -1.0, 311, 28433.0, -23
2999, 30, -2.3, 527, 495.3, -3.0, 10.0, -3.0, 327, 28760.0, 16
3055, 34, 3.7, 500, 441.9, 1.0, 11.0, 4.0, 300, 29060.0, -27
3113, 36, 4.2, 506, 460.8000000000001, 3.0, 14.0, 2.0, 306, 29366.0, 6
3167, 30, -3.7, 504, 455.4, -3.0, 11.0, -6.0, 304, 29670.0, -2
3224, 32, 1.4, 498, 445.2, -1.0, 10.0, 2.0, 298, 29968.0, -6
3279, 32, 0.3, 483, 420.0, -1.0, 9.0, 0.0, 283, 30251.0, -15
3329, 33, 1.4, 479, 417.3, 0.0, 9.0, 1.0, 279, 30530.0, -4
3384, 37, 5.7, 473, 407.7, 4.0, 13.0, 4.0, 273, 30803.0, -6
3440, 33, -0.7, 462, 389.7, 0.0, 13.0, -4.0, 262, 31065.0, -11
3495, 27, -5.899999999999999, 439, 351.6, -6.0, 7.0, -6.0, 239, 31304.0, -23
3552, 26, -4.7, 427, 336.9, -7.0, 0.0, -1.0, 227, 31531.0, -12
3608, 28, -2.5, 435, 354.9, -5.0, -5.0, 2.0, 235, 31766.0, 8
3664, 35, 4.4, 416, 318.3, 2.0, -3.0, 7.0, 216, 31982.0, -19
3717, 36, 2.3, 420, 331.2, 3.0, 0.0, 1.0, 220, 32202.0, 4
3774, 35, 0.9, 418, 326.4, 2.0, 2.0, -1.0, 218, 32420.0, -2
3831, 35, 1.6, 399, 292.8, 2.0, 4.0, 0.0, 199, 32619.0, -19
3885, 34, 0.6000000000000001, 401, 302.1, 1.0, 5.0, -1.0, 201, 32820.0, 2
3940, 35, 2.4, 392, 285.3, 2.0, 7.0, 1.0, 192, 33012.0, -9
3994, 37, 4.5, 385, 275.4, 4.0, 11.0, 2.0, 185, 33197.0, -7
4048, 37, 3.9, 376, 261.3, 4.0, 15.0, 0.0, 176, 33373.0, -9
4107, 32, -1.7, 376, 264.0, -1.0, 14.0, -5.0, 176, 33549.0, 0
4162, 28, -4.1, 353, 222.6, -5.0, 9.0, -4.0, 153, 33702.0, -23
4215, 26, -5.0, 353, 229.5, -7.0, 2.0, -2.0, 153, 33855.0, 0
4272, 30, 0.1000000000000001, 353, 229.5, -3.0, -1.0, 4.0, 153, 34008.0, 0
4323, 34, 2.6, 357, 236.7, 1.0, 0.0, 4.0, 157, 34165.0, 4
4378, 33, -0.5, 349, 221.1, 0.0, 0.0, -1.0, 149, 34314.0, -8
4435, 33, 0.0, 345, 216.3, 0.0, 0.0, 0.0, 145, 34459.0, -4
4488, 37, 4.8, 336, 201.3, 4.0, 4.0, 4.0, 136, 34595.0, -9
4545, 34, -0.3999999999999999, 340, 211.2, 1.0, 5.0, -3.0, 140, 34735.0, 4
4596, 33, 0.0, 329, 190.2, 0.0, 5.0, -1.0, 129, 34864.0, -11
4650, 34, 1.7, 330, 195.3, 1.0, 6.0, 1.0, 130, 34994.0, 1
4700, 37, 4.9, 334, 202.2, 4.0, 10.0, 3.0, 134, 35128.0, 4
4751, 31, -3.4, 328, 190.2, -2.0, 8.0, -6.0, 128, 35256.0, -6
4804, 27, -5.399999999999999, 329, 193.8, -6.0, 2.0, -4.0, 129, 35385.0, 1
4857, 24, -7.6, 326, 188.1, -9.0, -7.0, -3.0, 126, 35511.0, -3
4914, 29, -1.0, 330, 196.2, -4.0, -11.0, 5.0, 130, 35641.0, 4
4967, 37, 5.699999999999999, 326, 187.8, 4.0, -7.0, 8.0, 126, 35767.0, -4
5017, 40, 5.7, 330, 196.2, 7.0, 0.0, 3.0, 130, 35897.0, 4
5070, 38, 2.5, 328, 191.4, 5.0, 5.0, -2.0, 128, 36025.0, -2
5124, 35, 0.3999999999999999, 321, 179.4, 2.0, 7.0, -3.0, 121, 36146.0, -7
5180, 32, -1.5, 321, 181.5, -1.0, 6.0, -3.0, 121, 36267.0, 0
5230, 31, -1.3, 321, 181.5, -2.0, 4.0, -1.0, 121, 36388.0, 0
5285, 32, 0.2000000000000001, 324, 186.9, -1.0, 3.0, 1.0, 124, 36512.0, 3
5343, 35, 3.2, 321, 180.6, 2.0, 5.0, 3.0, 121, 36633.0, -3
5398, 36, 3.1, 321, 181.5, 3.0, 8.0, 1.0, 121, 36754.0, 0
5451, 32, -1.9, 328, 194.1, -1.0, 7.0, -4.0, 128, 36882.0, 7
5503, 31, -1.2, 321, 179.4, -2.0, 5.0, -1.0, 121, 37003.0, -7
5557, 31, -0.9, 321, 181.5, -2.0, 3.0, 0.0, 121, 37124.0, 0
5615, 36, 4.9, 330, 197.7, 3.0, 6.0, 5.0, 130, 37254.0, 9
5668, 32, -2.1, 321, 178.8, -1.0, 5.0, -4.0, 121, 37375.0, -9
5723, 29, -3.8, 321, 181.5, -4.0, 1.0, -3.0, 121, 37496.0, 0
5777, 29, -2.7, 321, 181.5, -4.0, -3.0, 0.0, 121, 37617.0, 0
5835, 32, 0.5, 326, 190.5, -1.0, -4.0, 3.0, 126, 37743.0, 5
5885, 33, 0.1, 326, 189.0, 0.0, -4.0, 1.0, 126, 37869.0, 0
5943, 34, 0.7999999999999999, 326, 189.0, 1.0, -3.0, 1.0, 126, 37995.0, 0
5997, 35, 1.6, 347, 226.8, 2.0, -1.0, 1.0, 147, 38142.0, 21
6056, 37, 3.7, 349, 224.1, 4.0, 3.0, 2.0, 149, 38291.0, 2
6109, 36, 1.9, 349, 223.5, 3.0, 6.0, -1.0, 149, 38440.0, 0
6165, 35, 1.5, 324, 178.5, 2.0, 8.0, -1.0, 124, 38564.0, -25
6219, 32, -1.4, 321, 180.6, -1.0, 7.0, -3.0, 121, 38685.0, -3
6275, 34, 2.4, 329, 195.9, 1.0, 8.0, 2.0, 129, 38814.0, 8
6334, 35, 2.7, 321, 179.1, 2.0, 10.0, 1.0, 121, 38935.0, -8
6395, 33, 0.0, 326, 190.5, 0.0, 10.0, -2.0, 126, 39061.0, 5
6448, 35, 3.4, 321, 180.0, 2.0, 12.0, 2.0, 121, 39182.0, -5
6505, 33, 0.2000000000000002, 321, 181.5, 0.0, 12.0, -2.0, 121, 39303.0, 0
6555, 31, -1.2, 321, 181.5, -2.0, 10.0, -2.0, 121, 39424.0, 0
6607, 28, -4.0, 321, 181.5, -5.0, 5.0, -3.0, 121, 39545.0, 0
6663, 30, -0.5999999999999998, 321, 181.5, -3.0, 2.0, 2.0, 121, 39666.0, 0
6714, 31, -0.7, 321, 181.5, -2.0, 0.0, 1.0, 121, 39787.0, 0
6773, 32, -0.2, 320, 179.7, -1.0, -1.0, 1.0, 120, 39907.0, -1
6828, 31, -2.0, 321, 181.8, -2.0, -3.0, -1.0, 121, 40028.00000000001, 1
6878, 31, -1.7, 321, 181.5, -2.0, -5.0, 0.0, 121, 40149.0, 0
6933, 33, 0.5, 321, 181.5, 0.0, -5.0, 2.0, 121, 40270.0, 0
6994, 38, 5.5, 336, 208.5, 5.0, 0.0, 5.0, 136, 40406.0, 15
7045, 39, 4.699999999999999, 336, 204.0, 6.0, 6.0, 1.0, 136, 40542.0, 0
7095, 36, 1.2, 336, 204.0, 3.0, 9.0, -3.0, 136, 40678.0, 0
7147, 32, -1.8, 336, 204.0, -1.0, 8.0, -4.0, 136, 40814.0, 0
7205, 31, -1.1, 329, 191.4, -2.0, 6.0, -1.0, 129, 40943.0, -7
7262, 31, -0.7999999999999999, 330, 195.3, -2.0, 4.0, 0.0, 130, 41073.0, 1
7315, 32, 0.2000000000000001, 334, 202.2, -1.0, 3.0, 1.0, 134, 41207.0, 4
7367, 33, 0.8, 324, 183.0, 0.0, 3.0, 1.0, 124, 41331.0, -10
7418, 35, 2.7, 328, 193.2, 2.0, 5.0, 2.0, 128, 41459.0, 4
7475, 34, 0.7000000000000002, 328, 192.0, 1.0, 6.0, -1.0, 128, 41587.00000000001, 0
7527, 30, -3.5, 321, 179.4, -3.0, 3.0, -4.0, 121, 41708.0, -7
7577, 28, -4.2, 321, 181.5, -5.0, -2.0, -2.0, 121, 41829.0, 0
7635, 30, -1.3, 326, 190.5, -3.0, -5.0, 2.0, 126, 41955.0, 5
7694, 34, 2.2, 321, 180.0, 1.0, -4.0, 4.0, 121, 42076.0, -5
7747, 37, 3.9, 321, 181.5, 4.0, 0.0, 3.0, 121, 42197.0, 0
7806, 37, 2.8, 326, 190.5, 4.0, 4.0, 0.0, 126, 42323.0, 5
7861, 35, 0.8, 330, 196.2, 2.0, 6.0, -2.0, 130, 42453.0, 4
7914, 34, 0.8, 330, 195.0, 1.0, 7.0, -1.0, 130, 42583.0, 0
7967, 35, 2.6, 324, 184.2, 2.0, 9.0, 1.0, 124, 42707.00000000001, -6
8021, 33, -0.1, 321, 180.6, 0.0, 9.0, -2.0, 121, 42828.0, -3
8076, 32, -0.2999999999999999, 321, 181.5, -1.0, 8.0, -1.0, 121, 42949.0, 0
8129, 35, 3.7, 321, 181.5, 2.0, 10.0, 3.0, 121, 43070.0, 0
8185, 37, 4.8, 321, 181.5, 4.0, 14.0, 2.0, 121, 43191.00000000001, 0
8238, 33, -0.5999999999999998, 321, 181.5, 0.0, 14.0, -4.0, 121, 43312.0, 0
8295, 30, -2.2, 321, 181.5, -3.0, 11.0, -3.0, 121, 43433.0, 0
8353, 31, 0.2000000000000001, 321, 181.5, -2.0, 9.0, 1.0, 121, 43554.0, 0
8403, 29, -2.9, 321, 181.5, -4.0, 5.0, -2.0, 121, 43675.00000000001, 0
8456, 28, -3.5, 321, 181.5, -5.0, 0.0, -1.0, 121, 43796.0, 0
8510, 28, -3.5, 321, 181.5, -5.0, -5.0, 0.0, 121, 43917.0, 0
8563, 30, -1.6, 321, 181.5, -3.0, -8.0, 2.0, 121, 44038.0, 0
8623, 34, 1.9, 321, 181.5, 1.0, -7.0, 4.0, 121, 44159.00000000001, 0
8677, 37, 3.6, 321, 181.5, 4.0, -3.0, 3.0, 121, 44280.0, 0
8738, 38, 3.7, 321, 181.5, 5.0, 2.0, 1.0, 121, 44401.0, 0
8790, 37, 2.5, 328, 194.1, 4.0, 6.0, -1.0, 128, 44529.00000000001, 7
8843, 33, -1.4, 321, 179.4, 0.0, 6.0, -4.0, 121, 44650.0, -7
8895, 32, -0.6, 321, 181.5, -1.0, 5.0, -1.0, 121, 44771.0, 0
8953, 34, 2.2, 326, 190.5, 1.0, 6.0, 2.0, 126, 44897.0, 5
9007, 33, 0.1000000000000001, 326, 189.0, 0.0, 6.0, -1.0, 126, 45023.0, 0
9065, 34, 1.8, 326, 189.0, 1.0, 7.0, 1.0, 126, 45149.0, 0
9116, 34, 1.4, 321, 180.0, 1.0, 8.0, 0.0, 121, 45270.0, -5
9175, 34, 1.5, 321, 181.5, 1.0, 9.0, 0.0, 121, 45391.0, 0
9234, 32, -0.7999999999999999, 321, 181.5, -1.0, 8.0, -2.0, 121, 45512.00000000001, 0
9287, 33, 1.3, 326, 190.5, 0.0, 8.0, 1.0, 126, 45638.00000000001, 5
9344, 34, 2.0, 326, 189.0, 1.0, 9.0, 1.0, 126, 45764.0, 0
9403, 28, -5.6, 321, 180.0, -5.0, 4.0, -6.0, 121, 45885.0, -5
9456, 26, -5.5, 321, 181.5, -7.0, -3.0, -2.0, 121, 46006.0, 0
9510, 26, -5.2, 321, 181.5, -7.0, -10.0, 0.0, 121, 46127.0, 0
9564, 33, 2.5, 321, 181.5, 0.0, -10.0, 7.0, 121, 46248.0, 0
9618, 37, 3.8, 321, 181.5, 4.0, -6.0, 4.0, 121, 46369.0, 0
9672, 40, 5.8, 321, 181.5, 7.0, 1.0, 3.0, 121, 46490.0, 0
9726, 37, 1.4, 321, 181.5, 4.0, 5.0, -3.0, 121, 46611.0, 0
9783, 33, -1.5, 321, 181.5, 0.0, 5.0, -4.0, 121, 46732.0, 0
9836, 32, -0.7, 321, 181.5, -1.0, 4.0, -1.0, 121, 46853.0, 0
9893, 31, -1.5, 321, 181.5, -2.0, 2.0, -1.0, 121, 46974.0, 0
9947, 31, -1.2, 321, 181.5, -2.0, 0.0, 0.0, 121, 47095.0, 0
10006, 31, -1.4, 326, 190.5, -2.0, -2.0, 0.0, 126, 47221.0, 5
10062, 35, 3.2, 321, 180.0, 2.0, 0.0, 4.0, 121, 47342.0, -5
10117, 35, 1.4, 321, 181.5, 2.0, 2.0, 0.0, 121, 47463.00000000001, 0
10172, 33, -0.8, 303, 149.1, 0.0, 2.0, -2.0, 103, 47566.00000000001, -18
10225, 33, 0.2, 294, 138.3, 0.0, 2.0, 0.0, 94, 47660.0, -9
10284, 38, 6.2, 288, 130.2, 5.0, 7.0, 5.0, 88, 47748.0, -6
10337, 36, 1.8, 280, 117.6, 3.0, 10.0, -2.0, 80, 47828.0, -8
10394, 31, -2.9, 273, 107.4, -2.0, 8.0, -5.0, 73, 47901.0, -7
