time, color, angle, distance, speed, color_dev, color_int, color_der, speed_dev, speed_int, speed_der
0, 55, 26.4, 885, 1027.5, 22.0, 22.0, 22.0, 685, 685.0000000000001, 685.0000000000001
56, 54, 16.4, 873, 804.0000000000001, 21.0, 43.0, -1.0, 673, 1358.0, -12
113, 55, 20.2, 886, 827.0999999999999, 22.0, 65.0, 1.0, 686, 2044.0, 13
166, 54, 20.7, 921, 875.7, 21.0, 86.0, -1.0, 721, 2765.000000000001, 35
217, 55, 24.5, 908, 845.7000000000001, 22.0, 108.0, 1.0, 708, 3473.000000000001, -13
274, 52, 22.6, 872, 795.6, 19.0, 127.0, -3.0, 672, 4145.0, -36
328, 43, 15.2, 872, 806.4, 10.0, 137.0, -9.0, 672, 4817.0, 0
382, 26, 0.3000000000000007, 887, 828.9, -7.0, 130.0, -17.0, 687, 5504.0, 15
436, 15, -5.099999999999998, 885, 821.4, -18.0, 112.0, -11.0, 685, 6189.0, -2
491, 9, -8.599999999999998, 887, 825.0, -24.0, 88.00000000000001, -6.0, 687, 6876.000000000001, 2
542, 6, -11.6, 887, 824.4, -27.0, 61.00000000000001, -3.0, 687, 7563.0, 0
593, 6, -12.8, 877, 809.3999999999999, -27.0, 34.0, 0.0, 677, 8240.0, -10
647, 6, -15.5, 856, 780.9, -27.0, 7.0, 0.0, 656, 8896.000000000001, -21
701, 5, -19.4, 845, 770.7000000000001, -28.0, -21.0, -1.0, 645, 9541.0, -11
751, 7, -19.3, 853, 786.0, -26.0, -47.0, 2.0, 653, 10194.0, 8
806, 9, -20.5, 839, 762.5999999999999, -24.0, -71.00000000000001, 2.0, 639, 10833.0, -14
859, 18, -13.1, 849, 781.8, -15.0, -86.0, 9.0, 649, 11482.0, 10
910, 38, 4.9, 849, 778.7999999999999, 5.0, -81.0, 20.0, 649, 12131.0, 0
966, 58, 19.4, 831, 751.8, 25.0, -56.00000000000001, 20.0, 631, 12762.0, -18
1020, 62, 16.7, 825, 748.2, 29.0, -27.0, 4.0, 625, 13387.0, -6
1078, 59, 14.0, 818, 739.5, 26.0, -1.0, -3.0, 618, 14005.0, -7
1137, 52, 9.700000000000001, 818, 741.6, 19.0, 18.0, -7.0, 618, 14623.0, 0
1192, 44, 5.5, 817, 740.1000000000001, 11.0, 29.0, -8.0, 617, 15240.0, -1
1245, 41, 7.0, 812, 732.9, 8.0, 37.0, -3.0, 612, 15852.0, -5
1300, 39, 6.899999999999999, 812, 734.4, 6.0, 43.0, -2.0, 612, 16464.0, 0
1355, 38, 7.300000000000001, 812, 734.4, 5.0, 48.00000000000001, -1.0, 612, 17076.0, 0
1408, 33, 2.300000000000001, 812, 734.4, 0.0, 48.00000000000001, -5.0, 612, 17688.0, 0
1464, 29, 4.440892098500626e-16, 800, 716.4, -4.0, 44.0, -4.0, 600, 18288.0, -12
1517, 26, -2.0, 774, 681.0, -7.0, 37.0, -3.0, 574, 18862.0, -26
1570, 28, 1.2, 762, 670.7999999999999, -5.0, 32.0, 2.0, 562, 19424.0, -12
1626, 32, 4.5, 762, 674.4, -1.0, 31.0, 4.0, 562, 19986.0, 0
1680, 32, 2.4, 757, 666.9, -1.0, 30.0, 0.0, 557, 20543.0, -5
1736, 23, -8.5, 756, 666.9, -10.0, 20.0, -9.0, 556, 21099.0, -1
1791, 15, -14.6, 750, 658.2000000000001, -18.0, 2.0, -8.0, 550, 21649.0, -6
1846, 13, -14.8, 750, 660.0000000000001, -20.0, -18.0, -2.0, 550, 22199.0, 0
1899, 18, -9.800000000000001, 756, 668.9999999999999, -15.0, -33.0, 5.0, 556, 22755.0, 6
1955, 30, 0.5999999999999996, 756, 667.2, -3.0, -36.0, 12.0, 556, 23311.0, 0
2009, 41, 7.5, 756, 667.2, 8.0, -28.0, 11.0, 556, 23867.0, 0
2066, 49, 12.4, 756, 667.2, 16.0, -12.0, 8.0, 556, 24423.0, 0
2119, 48, 8.800000000000001, 756, 667.2, 15.0, 3.0, -1.0, 556, 24979.0, 0
2176, 51, 14.4, 756, 667.2, 18.0, 21.0, 3.0, 556, 25535.0, 0
2230, 50, 13.5, 756, 667.2, 17.0, 38.0, -1.0, 556, 26091.0, 0
2281, 46, 10.9, 736, 637.2, 13.0, 51.00000000000001, -4.0, 536, 26627.0, -20
2335, 30, -4.999999999999999, 510, 304.2, -3.0, 48.00000000000001, -16.0, 310, 26937.0, -226
2387, 20, -9.300000000000001, 744, 723.0, -13.0, 35.0, -10.0, 544, 27481.0, 234
2440, 13, -14.0, 738, 643.8000000000001, -20.0, 15.0, -7.0, 538, 28019.0, -6
2498, 11, -14.9, 726, 627.5999999999999, -22.0, -7.0, -2.0, 526, 28545.0, -12
2557, 21, -4.1, 726, 631.1999999999999, -12.0, -19.0, 10.0, 526, 29071.0, 0
2611, 35, 6.5, 726, 631.1999999999999, 2.0, -17.0, 14.0, 526, 29597.0, 0
2668, 45, 11.7, 728, 634.2000000000001, 12.0, -5.0, 10.0, 528, 30125.0, 2
2727, 46, 9.1, 728, 633.6, 13.0, 8.0, 1.0, 528, 30653.0, 0
2781, 46, 9.9, 712, 609.6, 13.0, 21.0, 0.0, 512, 31165.0, -16
2837, 40, 4.0, 713, 615.9, 7.0, 28.0, -6.0, 513, 31678.0, 1
2890, 33, -0.6999999999999997, 713, 615.6000000000001, 0.0, 28.0, -7.0, 513, 32191.0, 0
2946, 22, -10.4, 750, 671.1, -11.0, 17.0, -11.0, 550, 32741.0, 37
3000, 18, -10.8, 750, 660.0000000000001, -15.0, 2.0, -4.0, 550, 33291.0, 0
3056, 19, -9.100000000000001, 750, 660.0000000000001, -14.0, -12.0, 1.0, 550, 33841.0, 0
3111, 30, 2.2, 804, 741.0, -3.0, -15.0, 11.0, 604, 34445.0, 54
3166, 42, 10.8, 804, 724.7999999999999, 9.0, -6.0, 12.0, 604, 35049.0, 0
3220, 47, 11.7, 693, 558.3000000000001, 14.0, 8.0, 5.0, 493, 35542.0, -111
3270, 47, 10.6, 693, 591.6, 14.0, 22.0, 0.0, 493, 36035.0, 0
3326, 38, 1.2, 693, 591.6, 5.0, 27.0, -9.0, 493, 36528.0, 0
3380, 34, 1.4, 693, 591.6, 1.0, 28.0, -4.0, 493, 37021.0, 0
3436, 29, -2.5, 670, 557.1000000000001, -4.0, 24.0, -5.0, 470, 37491.0, -23
3489, 25, -5.199999999999999, 645, 526.5, -8.0, 16.0, -4.0, 445, 37936.0, -25
3547, 23, -6.4, 658, 553.5, -10.0, 6.0, -2.0, 458, 38394.0, 13
3598, 23, -6.4, 643, 527.1, -10.0, -4.0, 0.0, 443, 38837.0, -15
3658, 27, -2.6, 645, 534.6, -6.0, -10.0, 4.0, 445, 39282.0, 2
3709, 33, 2.0, 649, 540.0, 0.0, -10.0, 6.0, 449, 39731.0, 4
3767, 42, 9.800000000000001, 626, 504.3, 9.0, -1.0, 9.0, 426, 40157.0, -23
3821, 44, 8.6, 595, 464.7, 11.0, 10.0, 2.0, 395, 40552.0, -31
3871, 43, 7.5, 632, 529.5, 10.0, 20.0, -1.0, 432, 40984.0, 37
3925, 41, 6.6, 627, 510.9, 8.0, 28.0, -2.0, 427, 41411.0, -5
3980, 37, 3.6, 437, 227.4, 4.0, 32.0, -4.0, 237, 41648.00000000001, -190
4036, 29, -3.6, 618, 555.9, -4.0, 28.0, -8.0, 418, 42066.0, 181
4089, 20, -10.8, 609, 488.0999999999999, -13.0, 15.0, -9.0, 409, 42475.0, -9
4148, 20, -7.6, 443, 241.8, -13.0, 2.0, 0.0, 243, 42718.0, -166
4202, 22, -6.5, 597, 522.6, -11.0, -9.0, 2.0, 397, 43115.00000000001, 154
4257, 30, 1.0, 710, 645.9, -3.0, -12.0, 8.0, 510, 43625.0, 113
4310, 34, 1.5, 590, 432.0, 1.0, -11.0, 4.0, 390, 44015.0, -120
4362, 39, 5.6, 588, 464.9999999999999, 6.0, -5.0, 5.0, 388, 44403.00000000001, -2
4415, 41, 6.1, 595, 476.1, 8.0, 3.0, 2.0, 395, 44798.0, 7
4466, 41, 5.9, 410, 196.5, 8.0, 11.0, 0.0, 210, 45008.0, -185
4526, 43, 9.1, 567, 487.5, 10.0, 21.0, 2.0, 367, 45375.00000000001, 157
4584, 42, 7.899999999999999, 474, 300.9, 9.0, 30.0, -1.0, 274, 45649.00000000001, -93
4638, 28, -7.5, 542, 430.8, -5.0, 25.0, -14.0, 342, 45991.0, 68
4689, 19, -11.8, 561, 438.9, -14.0, 11.0, -9.0, 361, 46352.0, 19
4744, 15, -13.5, 546, 410.7, -18.0, -7.0, -4.0, 346, 46698.0, -15
4798, 20, -7.300000000000001, 555, 428.7, -13.0, -20.0, 5.0, 355, 47053.0, 9
4856, 34, 5.699999999999999, 515, 366.0, 1.0, -19.0, 14.0, 315, 47368.00000000001, -40
4909, 46, 13.2, 546, 424.5, 13.0, -6.0, 12.0, 346, 47714.0, 31
4966, 48, 10.9, 546, 415.2, 15.0, 9.0, 2.0, 346, 48060.0, 0
5020, 43, 5.4, 519, 374.7, 10.0, 19.0, -5.0, 319, 48379.0, -27
5076, 38, 2.9, 499, 352.8, 5.0, 24.0, -5.0, 299, 48678.0, -20
5135, 34, 1.1, 538, 417.3, 1.0, 25.0, -4.0, 338, 49016.0, 39
5197, 30, -1.6, 518, 375.6, -3.0, 22.0, -4.0, 318, 49334.00000000001, -20
5249, 26, -4.7, 509, 368.1, -7.0, 15.0, -4.0, 309, 49643.00000000001, -9
5305, 24, -5.799999999999999, 499, 355.8, -9.0, 6.0, -2.0, 299, 49942.0, -10
5358, 22, -8.1, 496, 354.3, -11.0, -5.0, -2.0, 296, 50238.0, -3
5412, 26, -3.4, 504, 367.2, -7.0, -12.0, 4.0, 304, 50542.0, 8
5466, 32, 1.1, 483, 333.3, -1.0, -13.0, 6.0, 283, 50825.0, -21
5519, 37, 4.0, 474, 326.1, 4.0, -9.0, 5.0, 274, 51099.00000000001, -9
5575, 46, 12.7, 475, 330.3, 13.0, 4.0, 9.0, 275, 51374.0, 1
5628, 47, 10.7, 481, 339.0, 14.0, 18.0, 1.0, 281, 51655.00000000001, 6
5686, 43, 6.800000000000001, 460, 305.7, 10.0, 28.0, -4.0, 260, 51915.0, -21
5743, 39, 5.0, 464, 318.0, 6.0, 34.0, -4.0, 264, 52179.0, 4
5797, 31, -2.0, 471, 327.3, -2.0, 32.0, -8.0, 271, 52450.0, 7
5850, 22, -9.0, 448, 290.7, -11.0, 21.0, -9.0, 248, 52698.0, -23
5905, 18, -10.4, 443, 290.1, -15.0, 6.0, -4.0, 243, 52941.0, -5
5959, 18, -9.9, 448, 299.1, -15.0, -9.0, 0.0, 248, 53189.0, 5
6017, 23, -5.4, 452, 303.6, -10.0, -19.0, 5.0, 252, 53441.0, 4
6075, 37, 7.9, 443, 288.9, 4.0, -15.0, 14.0, 243, 53684.0, -9
6133, 42, 7.299999999999999, 418, 254.1, 9.0, -6.0, 5.0, 218, 53902.0, -25
6187, 46, 10.5, 437, 290.1, 13.0, 7.0, 4.0, 237, 54139.0, 19
6245, 44, 7.4, 427, 269.4, 11.0, 18.0, -2.0, 227, 54366.0, -10
6298, 39, 3.5, 439, 290.4, 6.0, 24.0, -5.0, 239, 54605.00000000001, 12
6352, 36, 3.0, 425, 265.8, 3.0, 27.0, -3.0, 225, 54830.00000000001, -14
6407, 31, -1.2, 404, 238.5, -2.0, 25.0, -5.0, 204, 55034.0, -21
6462, 26, -4.9, 401, 240.3, -7.0, 18.0, -5.0, 201, 55235.0, -3
6525, 21, -9.1, 401, 241.2, -12.0, 6.0, -5.0, 201, 55436.00000000001, 0
6576, 23, -5.4, 401, 241.2, -10.0, -4.0, 2.0, 201, 55637.0, 0
6632, 29, -0.2000000000000002, 411, 256.2, -4.0, -8.0, 6.0, 211, 55848.0, 10
6686, 34, 2.4, 399, 235.2, 1.0, -7.0, 5.0, 199, 56047.0, -12
6755, 35, 1.2, 401, 241.8, 2.0, -5.0, 1.0, 201, 56248.0, 2
6807, 36, 2.1, 406, 248.7, 3.0, -2.0, 1.0, 206, 56454.0, 5
6866, 34, -0.5, 391, 224.7, 1.0, -1.0, -2.0, 191, 56645.0, -15
6923, 34, 0.6, 389, 226.2, 1.0, 0.0, 0.0, 189, 56834.00000000001, -2
6977, 35, 1.9, 404, 249.3, 2.0, 2.0, 1.0, 204, 57038.0, 15
7027, 36, 2.8, 326, 127.8, 3.0, 5.0, 1.0, 126, 57164.0, -78
7084, 37, 3.8, 389, 245.7, 4.0, 9.0, 1.0, 189, 57353.00000000001, 63
7137, 38, 4.9, 385, 220.8, 5.0, 14.0, 1.0, 185, 57538.0, -4
7192, 33, -1.1, 384, 220.5, 0.0, 14.0, -5.0, 184, 57722.00000000001, -1
7249, 28, -4.6, 385, 222.3, -5.0, 9.0, -5.0, 185, 57907.0, 1
7305, 27, -3.8, 404, 250.5, -6.0, 3.0, -1.0, 204, 58111.00000000001, 19
7358, 33, 3.3, 385, 216.3, 0.0, 3.0, 6.0, 185, 58296.0, -19
7414, 39, 7.5, 385, 222.0, 6.0, 9.0, 6.0, 185, 58481.00000000001, 0
7468, 39, 5.1, 393, 234.0, 6.0, 15.0, 0.0, 193, 58674.0, 8
7522, 38, 4.5, 393, 231.6, 5.0, 20.0, -1.0, 193, 58867.0, 0
7576, 35, 1.9, 393, 231.6, 2.0, 22.0, -3.0, 193, 59060.00000000001, 0
7631, 32, 0.0, 389, 225.6, -1.0, 21.0, -3.0, 189, 59249.0, -4
7686, 32, 1.4, 385, 220.8, -1.0, 20.0, 0.0, 185, 59434.0, -4
7739, 34, 3.7, 393, 234.0, 1.0, 21.0, 2.0, 193, 59627.0, 8
7796, 33, 1.6, 384, 218.1, 0.0, 21.0, -1.0, 184, 59811.00000000001, -9
7850, 28, -3.9, 391, 231.3, -5.0, 16.0, -5.0, 191, 60002.0, 7
7904, 25, -5.5, 391, 229.2, -8.0, 8.0, -3.0, 191, 60193.0, 0
7959, 27, -2.399999999999999, 391, 229.2, -6.0, 2.0, 2.0, 191, 60384.0, 0
8017, 29, -1.6, 391, 229.2, -4.0, -2.0, 2.0, 191, 60575.0, 0
8070, 30, -1.8, 389, 226.2, -3.0, -5.0, 1.0, 189, 60764.0, -2
8127, 31, -1.4, 389, 226.8, -2.0, -7.0, 1.0, 189, 60953.0, 0
8180, 34, 1.5, 376, 207.3, 1.0, -6.0, 3.0, 176, 61129.00000000001, -13
8235, 34, 0.1, 389, 230.7, 1.0, -5.0, 0.0, 189, 61318.0, 13
8295, 35, 1.4, 389, 226.8, 2.0, -3.0, 1.0, 189, 61507.00000000001, 0
8348, 37, 3.5, 385, 220.8, 4.0, 1.0, 2.0, 185, 61692.0, -4
8406, 38, 4.1, 374, 205.5, 5.0, 6.0, 1.0, 174, 61866.0, -11
8464, 39, 5.3, 370, 202.8, 6.0, 12.0, 1.0, 170, 62036.00000000001, -4
8519, 38, 4.2, 357, 184.5, 5.0, 17.0, -1.0, 157, 62193.0, -13
8576, 33, -0.7999999999999998, 353, 182.4, 0.0, 17.0, -5.0, 153, 62346.0, -4
8631, 31, -0.7, 340, 164.1, -2.0, 15.0, -2.0, 140, 62486.00000000001, -13
8684, 30, -1.1, 321, 139.5, -3.0, 12.0, -1.0, 121, 62607.0, -19
8740, 30, -0.8999999999999998, 326, 152.7, -3.0, 9.0, 0.0, 126, 62733.0, 5
