time, color, angle, distance, speed, color_dev, color_int, color_der, speed_dev, speed_int, speed_der
0, 59, 36.40000000000001, 908, 849.6, 26.0, 26.0, 26.0, 708, 708.0, 708.0
56, 59, 26.0, 908, 637.2000000000001, 26.0, 52.0, 0.0, 708, 1416.0, 0
111, 56, 24.4, 915, 645.6, 23.0, 75.0, -3.0, 715, 2131.0, 7
166, 53, 24.0, 2550, 2605.5, 20.0, 95.0, -3.0, 2350, 4481.000000000001, 1635
223, 53, 27.5, 909, 145.8000000000001, 20.0, 115.0, 0.0, 709, 5190.0, -1641
278, 42, 14.1, 908, 636.9000000000001, 9.0, 124.0, -11.0, 708, 5898.000000000001, -1
334, 21, -8.9, 861, 580.8, -12.0, 112.0, -21.0, 661, 6559.000000000001, -47
392, 6, -20.6, 855, 587.7000000000001, -27.0, 85.0, -15.0, 655, 7214.0, -6
451, 4, -18.6, 839, 570.3000000000001, -29.0, 56.00000000000001, -2.0, 639, 7853.000000000001, -16
505, 5, -19.1, 849, 587.1, -28.0, 28.0, 1.0, 649, 8502.000000000001, 10
562, 5, -22.4, 826, 556.5, -28.0, 0.0, 0.0, 626, 9128.0, -23
622, 6, -23.8, 816, 551.4, -27.0, -27.0, 1.0, 616, 9744.0, -10
683, 14, -15.8, 817, 555.6, -19.0, -46.00000000000001, 8.0, 617, 10361.0, 1
742, 28, -2.100000000000001, 788, 520.5, -5.0, -51.00000000000001, 14.0, 588, 10949.0, -29
801, 55, 28.2, 788, 529.2000000000001, 22.0, -29.0, 27.0, 588, 11537.0, 0
855, 64, 29.5, 780, 519.6000000000001, 31.0, 2.0, 9.0, 580, 12117.0, -8
906, 64, 28.1, 764, 502.8, 31.0, 33.0, 0.0, 564, 12681.0, -16
962, 54, 17.2, 788, 536.4000000000001, 21.0, 54.0, -10.0, 588, 13269.0, 24
1021, 34, -3.7, 788, 529.2000000000001, 1.0, 55.0, -20.0, 588, 13857.0, 0
1076, 17, -17.4, 788, 529.2000000000001, -16.0, 39.0, -17.0, 588, 14445.0, 0
1132, 11, -18.9, 788, 529.2000000000001, -22.0, 17.0, -6.0, 588, 15033.0, 0
1187, 14, -13.9, 788, 529.2000000000001, -19.0, -2.0, 3.0, 588, 15621.0, 0
1243, 24, -3.300000000000001, 734, 464.4, -9.0, -11.0, 10.0, 534, 16155.0, -54
1301, 41, 14.6, 736, 483.0000000000001, 8.0, -3.0, 17.0, 536, 16691.0, 2
1356, 48, 16.7, 720, 463.2, 15.0, 12.0, 7.0, 520, 17211.0, -16
1412, 50, 17.5, 695, 438.0, 17.0, 29.0, 2.0, 495, 17706.0, -25
1467, 38, 1.4, 689, 438.3, 5.0, 34.0, -12.0, 489, 18195.0, -6
1521, 25, -10.3, 670, 417.3, -8.0, 26.0, -13.0, 470, 18665.0, -19
1572, 17, -15.8, 670, 423.0, -16.0, 10.0, -8.0, 470, 19135.0, 0
1626, 17, -13.4, 670, 423.0, -16.0, -6.0, 0.0, 470, 19605.0, 0
1682, 28, 0.4000000000000004, 661, 412.2000000000001, -5.0, -11.0, 11.0, 461, 20066.0, -9
1735, 39, 9.800000000000001, 670, 425.7, 6.0, -5.0, 11.0, 470, 20536.0, 9
1793, 50, 20.3, 672, 425.4, 17.0, 12.0, 11.0, 472, 21008.0, 2
1852, 49, 15.1, 644, 391.2, 16.0, 28.0, -1.0, 444, 21452.0, -28
1911, 35, -2.4, 622, 373.2, 2.0, 30.0, -14.0, 422, 21874.0, -22
1966, 19, -17.6, 614, 370.2, -14.0, 16.0, -16.0, 414, 22288.0, -8
2021, 13, -19.4, 614, 372.6, -20.0, -4.0, -6.0, 414, 22702.0, 0
2076, 17, -12.8, 614, 372.6, -16.0, -20.0, 4.0, 414, 23116.0, 0
2134, 31, 3.2, 588, 341.4, -2.0, -22.0, 14.0, 388, 23504.0, -26
2192, 46, 17.0, 677, 456.0, 13.0, -9.0, 15.0, 477, 23981.0, 89
2242, 55, 23.4, 622, 363.3, 22.0, 13.0, 9.0, 422, 24403.0, -55
2302, 55, 21.1, 580, 329.4, 22.0, 35.0, 0.0, 380, 24783.0, -42
2362, 35, -4.699999999999999, 544, 298.8, 2.0, 37.0, -20.0, 344, 25127.0, -36
2416, 14, -23.9, 551, 318.0000000000001, -19.0, 18.0, -21.0, 351, 25478.0, 7
2473, 8, -23.7, 563, 330.3, -25.0, -7.0, -6.0, 363, 25841.0, 12
2524, 9, -21.80000000000001, 546, 306.3, -24.0, -31.0, 1.0, 346, 26187.0, -17
2582, 25, -2.300000000000001, 510, 268.2, -8.0, -39.0, 16.0, 310, 26497.0, -36
2639, 41, 11.3, 500, 267.0, 8.0, -31.0, 16.0, 300, 26797.0, -10
2693, 59, 29.3, 492, 260.4000000000001, 26.0, -5.0, 18.0, 292, 27089.0, -8
2747, 65, 31.3, 481, 249.6, 32.0, 27.0, 6.0, 281, 27370.0, -11
2801, 53, 14.7, 475, 245.7, 20.0, 47.0, -12.0, 275, 27645.0, -6
2858, 19, -24.9, 474, 246.3, -14.0, 33.0, -34.0, 274, 27919.0, -1
2913, 7, -26.1, 471, 243.0, -26.0, 7.0, -12.0, 271, 28190.0, -3
2971, 6, -24.1, 469, 241.5, -27.0, -20.0, -1.0, 269, 28459.0, -2
3032, 19, -8.100000000000001, 464, 236.1, -14.0, -34.0, 13.0, 264, 28723.0, -5
3090, 39, 12.0, 471, 246.0, 6.0, -28.0, 20.0, 271, 28994.0, 7
3144, 43, 8.199999999999999, 481, 255.9, 10.0, -18.0, 4.0, 281, 29275.0, 10
3195, 41, 4.4, 479, 250.5, 8.0, -10.0, -2.0, 279, 29554.0, -2
3245, 33, -5.0, 471, 241.5, 0.0, -10.0, -8.0, 271, 29825.0, -8
3301, 34, 0.4, 475, 248.7, 1.0, -9.0, 1.0, 275, 30100.0, 4
3355, 42, 11.2, 488, 263.1, 9.0, 0.0, 8.0, 288, 30388.0, 13
3412, 44, 10.9, 506, 280.8, 11.0, 11.0, 2.0, 306, 30694.0, 18
3470, 35, -1.6, 473, 235.8, 2.0, 13.0, -9.0, 273, 30967.0, -33
3525, 29, -5.300000000000001, 490, 266.1, -4.0, 9.0, -6.0, 290, 31257.0, 17
3582, 27, -5.500000000000001, 511, 286.2, -6.0, 3.0, -2.0, 311, 31568.0, 21
3636, 29, -2.3, 511, 279.9, -4.0, -1.0, 2.0, 311, 31879.0, 0
3693, 34, 3.3, 511, 279.9, 1.0, 0.0, 5.0, 311, 32190.0, 0
3751, 38, 6.5, 511, 279.9, 5.0, 5.0, 4.0, 311, 32501.0, 0
3811, 34, -0.5999999999999998, 416, 165.9, 1.0, 6.0, -4.0, 216, 32717.0, -95
3872, 32, -1.3, 393, 166.8, -1.0, 5.0, -2.0, 193, 32910.0, -23
3926, 28, -6.0, 385, 164.1, -5.0, 0.0, -4.0, 185, 33095.0, -8
3985, 34, 3.9, 393, 176.1, 1.0, 1.0, 6.0, 193, 33288.0, 8
4041, 36, 3.8, 397, 178.5, 3.0, 4.0, 2.0, 197, 33485.0, 4
4096, 39, 7.300000000000001, 399, 179.7, 6.0, 10.0, 3.0, 199, 33684.0, 2
4151, 40, 7.800000000000001, 397, 176.7, 7.0, 17.0, 1.0, 197, 33881.0, -2
4211, 30, -6.0, 392, 171.3, -3.0, 14.0, -10.0, 192, 34073.0, -5
4268, 24, -9.699999999999999, 392, 172.8, -9.0, 5.0, -6.0, 192, 34265.0, 0
4323, 26, -4.800000000000001, 389, 169.2, -7.0, -2.0, 2.0, 189, 34454.0, -3
4380, 35, 6.1, 399, 182.1, 2.0, 0.0, 9.0, 199, 34653.0, 10
4432, 39, 7.4, 397, 176.7, 6.0, 6.0, 4.0, 197, 34850.0, -2
4486, 33, -2.4, 443, 232.5, 0.0, 6.0, -6.0, 243, 35093.0, 46
4541, 27, -7.800000000000001, 443, 218.7, -6.0, 0.0, -6.0, 243, 35336.0, 0
4596, 25, -8.199999999999999, 473, 254.7, -8.0, -8.0, -2.0, 273, 35609.0, 30
4650, 31, 0.3999999999999999, 537, 322.5, -2.0, -10.0, 6.0, 337, 35946.0, 64
4703, 38, 7.0, 456, 206.1, 5.0, -5.0, 7.0, 256, 36202.0, -81
4761, 42, 9.600000000000001, 403, 166.8, 9.0, 4.0, 4.0, 203, 36405.0, -53
4815, 39, 4.300000000000001, 479, 273.9, 6.0, 10.0, -3.0, 279, 36684.0, 76
4865, 40, 7.800000000000001, 479, 251.1, 7.0, 17.0, 1.0, 279, 36963.0, 0
4918, 39, 6.600000000000001, 376, 127.5, 6.0, 23.0, -1.0, 176, 37139.0, -103
4974, 31, -3.5, 384, 168.0, -2.0, 21.0, -8.0, 184, 37323.0, 8
5032, 35, 5.9, 365, 142.8, 2.0, 23.0, 4.0, 165, 37488.0, -19
5091, 40, 11.1, 370, 154.5, 7.0, 30.0, 5.0, 170, 37658.0, 5
5143, 43, 13.5, 365, 147.0, 10.0, 40.0, 3.0, 165, 37823.0, -5
5200, 31, -3.8, 374, 159.3, -2.0, 38.0, -12.0, 174, 37997.0, 9
5255, 26, -5.0, 372, 154.2, -7.0, 31.0, -5.0, 172, 38169.0, -2
5310, 19, -13.0, 376, 159.6, -14.0, 17.0, -7.0, 176, 38345.0, 4
5361, 19, -10.9, 376, 158.4, -14.0, 3.0, 0.0, 176, 38521.0, 0
5423, 24, -5.300000000000001, 385, 169.2, -9.0, -6.0, 5.0, 185, 38706.0, 9
5479, 33, 3.9, 456, 251.7, 0.0, -6.0, 9.0, 256, 38962.0, 71
5540, 38, 6.4, 452, 225.6, 5.0, -1.0, 5.0, 252, 39214.0, -4
5593, 36, 1.600000000000001, 447, 220.8, 3.0, 2.0, -2.0, 247, 39461.0, -5
5654, 35, 1.5, 427, 198.3, 2.0, 4.0, -1.0, 227, 39688.0, -20
5710, 34, 0.8, 420, 195.9, 1.0, 5.0, -1.0, 220, 39908.0, -7
5768, 35, 2.8, 392, 164.4, 2.0, 7.0, 1.0, 192, 40100.0, -28
5821, 35, 2.5, 374, 151.2, 2.0, 9.0, 0.0, 174, 40274.0, -18
5874, 35, 2.7, 376, 159.0, 2.0, 11.0, 0.0, 176, 40450.0, 2
5929, 36, 4.300000000000001, 376, 158.4, 3.0, 14.0, 1.0, 176, 40626.0, 0
5981, 33, -0.1, 380, 163.2, 0.0, 14.0, -3.0, 180, 40806.0, 4
6040, 31, -1.4, 383, 165.6, -2.0, 12.0, -2.0, 183, 40989.0, 3
6092, 30, -2.0, 380, 161.1, -3.0, 9.0, -1.0, 180, 41169.0, -3
6151, 34, 3.8, 391, 175.2, 1.0, 10.0, 4.0, 191, 41360.0, 11
6208, 35, 3.3, 376, 153.9, 2.0, 12.0, 1.0, 176, 41536.0, -15
6265, 37, 5.800000000000001, 389, 174.0, 4.0, 16.0, 2.0, 189, 41725.0, 13
6316, 35, 2.4, 380, 159.3, 2.0, 18.0, -2.0, 180, 41905.0, -9
6373, 24, -11.8, 408, 195.6, -9.0, 9.0, -11.0, 208, 42113.0, 28
6431, 23, -8.6, 460, 249.6, -10.0, -1.0, -1.0, 260, 42373.0, 52
6482, 26, -4.9, 474, 250.8, -7.0, -8.0, 3.0, 274, 42647.0, 14
6541, 35, 5.5, 483, 257.4, 2.0, -6.0, 9.0, 283, 42930.0, 9
6595, 40, 8.199999999999999, 399, 153.9, 7.0, 1.0, 5.0, 199, 43129.0, -84
6652, 42, 9.199999999999999, 372, 146.7, 9.0, 10.0, 2.0, 172, 43301.0, -27
6707, 42, 9.1, 376, 159.6, 9.0, 19.0, 0.0, 176, 43477.00000000001, 4
6763, 46, 15.6, 372, 153.6, 13.0, 32.0, 4.0, 172, 43649.0, -4
6821, 27, -11.7, 372, 154.8, -6.0, 26.0, -19.0, 172, 43821.0, 0
6876, 20, -12.6, 376, 159.6, -13.0, 13.0, -7.0, 176, 43997.0, 4
6930, 16, -16.0, 376, 158.4, -17.0, -4.0, -4.0, 176, 44173.0, 0
6988, 25, -3.100000000000001, 357, 135.6, -8.0, -12.0, 9.0, 157, 44330.0, -19
7042, 36, 7.0, 376, 164.1, 3.0, -9.0, 11.0, 176, 44506.00000000001, 19
7101, 41, 8.800000000000001, 376, 158.4, 8.0, -1.0, 5.0, 176, 44682.0, 0
7155, 36, 0.1000000000000005, 376, 158.4, 3.0, 2.0, -5.0, 176, 44858.0, 0
7212, 33, -1.3, 383, 166.8, 0.0, 2.0, -3.0, 183, 45041.0, 7
7270, 31, -2.6, 383, 164.7, -2.0, 0.0, -2.0, 183, 45224.0, 0
7323, 29, -4.6, 393, 176.7, -4.0, -4.0, -2.0, 193, 45417.00000000001, 10
7378, 30, -2.600000000000001, 425, 212.1, -3.0, -7.0, 1.0, 225, 45642.0, 32
7434, 31, -2.0, 435, 214.5, -2.0, -9.0, 1.0, 235, 45877.0, 10
7484, 33, 0.1, 455, 235.5, 0.0, -9.0, 2.0, 255, 46132.0, 20
7541, 38, 6.1, 474, 252.3, 5.0, -4.0, 5.0, 274, 46406.0, 19
7595, 38, 4.1, 474, 246.6, 5.0, 1.0, 0.0, 274, 46680.0, 0
7651, 34, -1.0, 474, 246.6, 1.0, 2.0, -4.0, 274, 46954.0, 0
7710, 33, -0.3, 364, 114.6, 0.0, 2.0, -1.0, 164, 47118.0, -110
7764, 33, 0.2, 447, 247.2, 0.0, 2.0, 0.0, 247, 47365.0, 83
7820, 39, 8.600000000000001, 474, 254.7, 6.0, 8.0, 6.0, 274, 47639.0, 27
7878, 39, 6.200000000000001, 474, 246.6, 6.0, 14.0, 0.0, 274, 47913.00000000001, 0
7934, 36, 2.600000000000001, 375, 127.8, 3.0, 17.0, -3.0, 175, 48088.00000000001, -99
7991, 39, 8.600000000000001, 361, 140.7, 6.0, 23.0, 3.0, 161, 48249.0, -14
8050, 41, 10.5, 357, 140.1, 8.0, 31.0, 2.0, 157, 48406.0, -4
8104, 39, 7.5, 355, 138.9, 6.0, 37.0, -2.0, 155, 48561.00000000001, -2
8161, 28, -6.3, 374, 162.3, -5.0, 32.0, -11.0, 174, 48735.0, 19
8216, 25, -5.5, 365, 145.8, -8.0, 24.0, -3.0, 165, 48900.00000000001, -9
8271, 27, -2.000000000000001, 357, 138.9, -6.0, 18.0, 2.0, 157, 49057.0, -8
8325, 32, 3.4, 372, 159.3, -1.0, 17.0, 5.0, 172, 49229.0, 15
8381, 35, 5.0, 389, 175.2, 2.0, 19.0, 3.0, 189, 49418.00000000001, 17
8440, 32, -0.5, 420, 207.3, -1.0, 18.0, -3.0, 220, 49638.0, 31
8495, 30, -1.9, 448, 231.6, -3.0, 15.0, -2.0, 248, 49886.0, 28
8550, 31, 0.2, 385, 147.6, -2.0, 13.0, 1.0, 185, 50071.0, -63
8606, 32, 0.9000000000000002, 357, 132.9, -1.0, 12.0, 1.0, 157, 50228.0, -28
8663, 32, 0.3, 380, 168.9, -1.0, 11.0, 0.0, 180, 50408.0, 23
8722, 35, 4.4, 380, 162.0, 2.0, 13.0, 3.0, 180, 50588.00000000001, 0
8781, 33, 0.3, 475, 276.0, 0.0, 13.0, -2.0, 275, 50863.0, 95
8841, 37, 6.9, 446, 212.7, 4.0, 17.0, 4.0, 246, 51109.0, -29
8903, 34, 1.1, 416, 185.4, 1.0, 18.0, -3.0, 216, 51325.0, -30
8962, 35, 4.1, 376, 146.4, 2.0, 20.0, 1.0, 176, 51501.0, -40
9012, 41, 12.2, 376, 158.4, 8.0, 28.0, 6.0, 176, 51677.0, 0
9073, 43, 12.8, 372, 153.6, 10.0, 38.0, 2.0, 172, 51849.0, -4
9131, 27, -9.600000000000001, 376, 159.6, -6.0, 32.0, -16.0, 176, 52025.00000000001, 4
9182, 14, -20.4, 376, 158.4, -19.0, 13.0, -13.0, 176, 52201.0, 0
9237, 10, -21.4, 370, 151.2, -23.0, -10.0, -4.0, 170, 52371.0, -6
9291, 20, -7.700000000000001, 374, 157.8, -13.0, -23.0, 10.0, 174, 52545.0, 4
9351, 39, 12.6, 376, 159.0, 6.0, -17.0, 19.0, 176, 52721.0, 2
9410, 44, 10.7, 401, 188.4, 11.0, -6.0, 5.0, 201, 52922.0, 25
9461, 43, 7.9, 424, 208.5, 10.0, 4.0, -1.0, 224, 53146.0, 23
9520, 35, -1.8, 397, 169.2, 2.0, 6.0, -8.0, 197, 53343.0, -27
9575, 30, -4.600000000000001, 389, 167.7, -3.0, 3.0, -5.0, 189, 53532.0, -8
9631, 35, 4.6, 391, 172.5, 2.0, 5.0, 5.0, 191, 53723.0, 2
9690, 37, 5.100000000000001, 389, 169.5, 4.0, 9.0, 2.0, 189, 53912.0, -2
9741, 33, -1.1, 391, 172.5, 0.0, 9.0, -4.0, 191, 54103.0, 2
9795, 32, -0.5, 380, 158.7, -1.0, 8.0, -1.0, 180, 54283.0, -11
9850, 28, -5.7, 357, 134.4, -5.0, 3.0, -4.0, 157, 54440.0, -23
9904, 31, 0.0, 384, 173.7, -2.0, 1.0, 3.0, 184, 54624.00000000001, 27
9961, 31, -1.7, 385, 166.8, -2.0, -1.0, 0.0, 185, 54809.0, 1
10019, 32, -0.5, 384, 165.3, -1.0, -2.0, 1.0, 184, 54993.0, -1
10071, 37, 5.9, 391, 174.0, 4.0, 2.0, 5.0, 191, 55184.00000000001, 7
10132, 40, 8.0, 385, 164.7, 7.0, 9.0, 3.0, 185, 55369.0, -6
10194, 34, -1.2, 389, 171.3, 1.0, 10.0, -6.0, 189, 55558.00000000001, 4
10249, 25, -10.7, 393, 174.9, -8.0, 2.0, -9.0, 193, 55751.0, 4
10304, 23, -9.800000000000001, 389, 168.9, -10.0, -8.0, -2.0, 189, 55940.0, -4
10360, 27, -4.200000000000001, 326, 94.50000000000001, -6.0, -14.0, 4.0, 126, 56066.0, -63
10410, 35, 4.4, 361, 155.4, 2.0, -12.0, 8.0, 161, 56227.0, 35
10464, 41, 9.0, 357, 140.1, 8.0, -4.0, 6.0, 157, 56384.0, -4
10523, 37, 1.2, 366, 152.1, 4.0, 0.0, -4.0, 166, 56550.0, 9
