time, color, angle, distance, speed, color_dev, color_int, color_der, speed_dev, speed_int, speed_der
0, 32, -1.2, 863, 994.5, -1.0, -1.0, -1.0, 663, 663.0, 663.0
51, 32, -0.8, 863, 795.6, -1.0, -2.0, 0.0, 663, 1326.0, 0
106, 32, -0.9, 856, 785.0999999999999, -1.0, -3.0, 0.0, 656, 1982.0, -7
159, 35, 2.6, 865, 800.7000000000001, 2.0, -1.0, 3.0, 665, 2647.0, 9
215, 36, 2.5, 871, 806.9999999999999, 3.0, 2.0, 1.0, 671, 3318.0, 6
269, 42, 9.5, 872, 806.7, 9.0, 11.0, 6.0, 672, 3990.0, 1
325, 42, 7.399999999999999, 872, 806.4, 9.0, 20.0, 0.0, 672, 4662.0, 0
384, 32, -3.7, 853, 777.9, -1.0, 19.0, -10.0, 653, 5315.0, -19
442, 24, -8.399999999999999, 856, 788.0999999999999, -9.0, 10.0, -8.0, 656, 5971.0, 3
499, 22, -7.699999999999999, 864, 799.1999999999999, -11.0, -1.0, -2.0, 664, 6635.0, 8
553, 24, -5.399999999999999, 818, 727.8, -9.0, -10.0, 2.0, 618, 7253.0, -46
606, 30, -0.1, 729, 608.1, -3.0, -13.0, 6.0, 529, 7782.000000000001, -89
668, 33, 0.2, 831, 787.8, 0.0, -13.0, 3.0, 631, 8413.0, 102
724, 36, 2.3, 825, 748.2, 3.0, -10.0, 3.0, 625, 9038.0, -6
784, 39, 4.699999999999999, 810, 727.5, 6.0, -4.0, 3.0, 610, 9648.000000000001, -15
842, 42, 7.399999999999999, 802, 720.0, 9.0, 5.0, 3.0, 602, 10250.0, -8
896, 36, -0.4000000000000004, 804, 725.4, 3.0, 8.0, -6.0, 604, 10854.0, 2
950, 31, -3.1, 792, 706.8, -2.0, 6.0, -5.0, 592, 11446.0, -12
1005, 33, 1.6, 764, 668.4, 0.0, 6.0, 2.0, 564, 12010.0, -28
1060, 34, 1.8, 764, 676.8, 1.0, 7.0, 1.0, 564, 12574.0, 0
1115, 33, 0.2000000000000001, 774, 691.7999999999999, 0.0, 7.0, -1.0, 574, 13148.0, 10
1168, 31, -1.7, 774, 688.8, -2.0, 5.0, -2.0, 574, 13722.0, 0
1224, 31, -0.9, 774, 688.8, -2.0, 3.0, 0.0, 574, 14296.0, 0
1278, 37, 6.1, 758, 664.8000000000001, 4.0, 7.0, 6.0, 558, 14854.0, -16
1335, 42, 9.5, 758, 669.6000000000001, 9.0, 16.0, 5.0, 558, 15412.0, 0
1389, 36, 0.7000000000000002, 758, 669.6000000000001, 3.0, 19.0, -6.0, 558, 15970.0, 0
1439, 32, -0.7999999999999998, 758, 669.6000000000001, -1.0, 18.0, -4.0, 558, 16528.0, 0
1495, 27, -4.899999999999999, 758, 669.6000000000001, -6.0, 12.0, -5.0, 558, 17086.0, 0
1551, 28, -1.8, 730, 627.6000000000001, -5.0, 7.0, 1.0, 530, 17616.0, -28
1605, 28, -2.8, 726, 629.9999999999999, -5.0, 2.0, 0.0, 526, 18142.0, -4
1661, 26, -5.7, 726, 631.1999999999999, -7.0, -5.0, -2.0, 526, 18668.0, 0
1716, 30, -0.5999999999999996, 726, 631.1999999999999, -3.0, -8.0, 4.0, 526, 19194.0, 0
1773, 37, 5.5, 734, 643.1999999999999, 4.0, -4.0, 7.0, 534, 19728.0, 8
1827, 39, 4.8, 704, 595.7999999999999, 6.0, 2.0, 2.0, 504, 20232.0, -30
1886, 37, 2.0, 705, 606.3, 4.0, 6.0, -2.0, 505, 20737.0, 1
1947, 33, -1.4, 696, 592.4999999999999, 0.0, 6.0, -4.0, 496, 21233.0, -9
2001, 33, 0.6000000000000001, 722, 634.2, 0.0, 6.0, 0.0, 522, 21755.0, 26
2056, 34, 1.8, 698, 590.4, 1.0, 7.0, 1.0, 498, 22253.0, -24
2111, 33, 0.2000000000000001, 697, 596.1, 0.0, 7.0, -1.0, 497, 22750.0, -1
2165, 30, -2.9, 672, 558.9, -3.0, 4.0, -3.0, 472, 23222.0, -25
2219, 32, 0.7000000000000001, 668, 560.4, -1.0, 3.0, 2.0, 468, 23690.0, -4
2275, 37, 5.6, 658, 546.6, 4.0, 7.0, 5.0, 458, 24148.0, -10
2331, 41, 8.300000000000001, 651, 539.0999999999999, 8.0, 15.0, 4.0, 451, 24599.0, -7
2385, 42, 8.300000000000001, 653, 544.2, 9.0, 24.0, 1.0, 453, 25052.0, 2
2444, 34, -0.9, 634, 515.0999999999999, 1.0, 25.0, -8.0, 434, 25486.0, -19
2499, 29, -2.8, 626, 508.8, -4.0, 21.0, -5.0, 426, 25912.0, -8
2550, 27, -3.1, 483, 296.7, -6.0, 15.0, -2.0, 283, 26195.0, -143
2605, 26, -3.9, 595, 507.6000000000001, -7.0, 8.0, -1.0, 395, 26590.0, 112
2660, 24, -6.499999999999999, 609, 494.9999999999999, -9.0, -1.0, -2.0, 409, 26999.0, 14
2714, 21, -10.0, 598, 474.2999999999999, -12.0, -13.0, -3.0, 398, 27397.0, -11
2773, 29, -0.1, 599, 479.0999999999999, -4.0, -17.0, 8.0, 399, 27796.0, 1
2824, 40, 8.699999999999999, 578, 447.3, 7.0, -10.0, 11.0, 378, 28174.0, -21
2880, 48, 13.5, 590, 471.6, 15.0, 5.0, 8.0, 390, 28564.0, 12
2934, 39, 0.1999999999999993, 563, 427.4999999999999, 6.0, 11.0, -9.0, 363, 28927.0, -27
2994, 36, 1.7, 572, 449.1, 3.0, 14.0, -3.0, 372, 29299.0, 9
3051, 33, -0.1, 561, 429.8999999999999, 0.0, 14.0, -3.0, 361, 29660.0, -11
3104, 33, 1.4, 553, 421.2, 0.0, 14.0, 0.0, 353, 30013.0, -8
3162, 34, 2.6, 534, 395.1000000000001, 1.0, 15.0, 1.0, 334, 30347.0, -19
3219, 29, -3.8, 536, 403.8, -4.0, 11.0, -5.0, 336, 30683.0, 2
3271, 26, -5.300000000000001, 536, 403.2, -7.0, 4.0, -3.0, 336, 31019.0, 0
3325, 33, 3.9, 518, 376.2, 0.0, 4.0, 7.0, 318, 31337.0, -18
3381, 41, 10.0, 519, 383.1, 8.0, 12.0, 8.0, 319, 31656.0, 1
3434, 39, 4.399999999999999, 500, 354.3, 6.0, 18.0, -2.0, 300, 31956.0, -19
3488, 36, 2.4, 504, 366.0, 3.0, 21.0, -3.0, 304, 32260.0, 4
3545, 32, -0.6000000000000001, 498, 355.8, -1.0, 20.0, -4.0, 298, 32558.0, -6
3597, 27, -4.699999999999999, 479, 329.1, -6.0, 14.0, -5.0, 279, 32837.0, -19
3651, 27, -2.8, 496, 360.3, -6.0, 8.0, 0.0, 296, 33133.0, 17
3705, 24, -6.999999999999999, 479, 329.7, -9.0, -1.0, -3.0, 279, 33412.0, -17
3761, 22, -8.800000000000001, 471, 322.8, -11.0, -12.0, -2.0, 271, 33683.0, -8
3815, 27, -2.899999999999999, 450, 293.7, -6.0, -18.0, 5.0, 250, 33933.0, -21
3871, 36, 4.8, 447, 295.5, 3.0, -15.0, 9.0, 247, 34180.0, -3
3925, 44, 10.2, 455, 308.4, 11.0, -4.0, 8.0, 255, 34435.0, 8
3983, 40, 2.5, 429, 267.0, 7.0, 3.0, -4.0, 229, 34664.0, -26
4040, 28, -9.199999999999999, 443, 295.8, -5.0, -2.0, -12.0, 243, 34907.0, 14
4091, 26, -6.100000000000001, 433, 276.6, -7.0, -9.0, -2.0, 233, 35140.0, -10
4149, 35, 5.0, 435, 282.6, 2.0, -7.0, 9.0, 235, 35375.0, 2
4200, 39, 5.5, 427, 270.0, 6.0, -1.0, 4.0, 227, 35602.0, -8
4255, 39, 4.1, 427, 272.4, 6.0, 5.0, 0.0, 227, 35829.0, 0
4314, 30, -6.1, 425, 269.4, -3.0, 2.0, -9.0, 225, 36054.0, -2
4365, 26, -6.7, 427, 273.0, -7.0, -5.0, -4.0, 227, 36281.0, 2
4421, 30, -0.5999999999999996, 418, 258.9, -3.0, -8.0, 4.0, 218, 36499.0, -9
4477, 44, 13.9, 408, 246.6, 11.0, 3.0, 14.0, 208, 36707.0, -10
4535, 43, 6.8, 401, 239.1, 10.0, 13.0, -1.0, 201, 36908.0, -7
4593, 36, -0.1000000000000001, 408, 251.7, 3.0, 16.0, -7.0, 208, 37116.0, 7
4647, 24, -10.7, 399, 236.1, -9.0, 7.0, -12.0, 199, 37315.0, -9
4705, 25, -4.399999999999999, 410, 255.3, -8.0, -1.0, 1.0, 210, 37525.0, 11
4765, 34, 5.1, 399, 235.5, 1.0, 0.0, 9.0, 199, 37724.0, -11
4821, 37, 4.3, 412, 258.3, 4.0, 4.0, 3.0, 212, 37936.0, 13
4876, 32, -2.8, 401, 237.9, -1.0, 3.0, -5.0, 201, 38137.0, -11
4933, 26, -7.600000000000001, 397, 235.2, -7.0, -4.0, -6.0, 197, 38334.0, -4
4984, 26, -5.300000000000001, 404, 246.9, -7.0, -11.0, 0.0, 204, 38538.0, 7
5037, 28, -3.6, 397, 234.3, -5.0, -16.0, 2.0, 197, 38735.0, -7
5095, 32, -0.3000000000000003, 389, 224.4, -1.0, -17.0, 4.0, 189, 38924.0, -8
5148, 43, 10.8, 391, 229.8, 10.0, -7.0, 11.0, 191, 39115.0, 2
5204, 44, 7.5, 391, 229.2, 11.0, 4.0, 1.0, 191, 39306.0, 0
5263, 37, -0.2999999999999998, 384, 218.7, 4.0, 8.0, -7.0, 184, 39490.0, -7
5318, 34, 0.0, 328, 136.8, 1.0, 9.0, -3.0, 128, 39618.0, -56
5373, 30, -3.2, 391, 248.1, -3.0, 6.0, -4.0, 191, 39809.0, 63
5432, 31, -0.2999999999999999, 384, 218.7, -2.0, 4.0, 1.0, 184, 39993.0, -7
5485, 31, -1.0, 397, 240.3, -2.0, 2.0, 0.0, 197, 40190.0, 13
5539, 32, 0.0, 392, 228.9, -1.0, 1.0, 1.0, 192, 40382.0, -5
5594, 38, 6.6, 392, 230.4, 5.0, 6.0, 6.0, 192, 40574.0, 0
5648, 36, 1.7, 392, 230.4, 3.0, 9.0, -2.0, 192, 40766.0, 0
5705, 31, -3.0, 399, 240.9, -2.0, 7.0, -5.0, 199, 40965.0, 7
5759, 29, -3.1, 376, 204.3, -4.0, 3.0, -2.0, 176, 41141.00000000001, -23
5813, 30, -1.3, 384, 223.2, -3.0, 0.0, 1.0, 184, 41325.0, 8
5872, 33, 1.5, 397, 240.3, 0.0, 0.0, 3.0, 197, 41522.00000000001, 13
5924, 37, 4.8, 399, 239.4, 4.0, 4.0, 4.0, 199, 41721.0, 2
5978, 38, 4.4, 399, 238.8, 5.0, 9.0, 1.0, 199, 41920.0, 0
6034, 37, 3.2, 326, 129.3, 4.0, 13.0, -1.0, 126, 42046.0, -73
6093, 34, 0.5, 384, 238.2, 1.0, 14.0, -3.0, 184, 42230.0, 58
6151, 32, -0.2999999999999999, 384, 220.8, -1.0, 13.0, -2.0, 184, 42414.00000000001, 0
6204, 30, -1.8, 391, 231.3, -3.0, 10.0, -2.0, 191, 42605.0, 7
6259, 35, 4.9, 399, 241.2, 2.0, 12.0, 5.0, 199, 42804.0, 8
6317, 35, 2.6, 392, 228.3, 2.0, 14.0, 0.0, 192, 42996.0, -7
6375, 35, 2.8, 393, 231.9, 2.0, 16.0, 0.0, 193, 43189.0, 1
6431, 30, -3.0, 389, 225.6, -3.0, 13.0, -5.0, 189, 43378.00000000001, -4
6483, 30, -0.7999999999999998, 399, 241.8, -3.0, 10.0, 0.0, 199, 43577.0, 10
6544, 31, 0.1000000000000001, 389, 223.8, -2.0, 8.0, 1.0, 189, 43766.0, -10
6594, 29, -3.0, 389, 226.8, -4.0, 4.0, -2.0, 189, 43955.0, 0
6653, 31, 0.0, 404, 249.3, -2.0, 2.0, 2.0, 204, 44159.00000000001, 15
6706, 36, 4.8, 384, 214.8, 3.0, 5.0, 5.0, 184, 44343.0, -20
6756, 38, 5.0, 392, 232.8, 5.0, 10.0, 2.0, 192, 44535.0, 8
6813, 39, 5.699999999999999, 391, 228.9, 6.0, 16.0, 1.0, 191, 44726.0, -1
6871, 31, -3.8, 393, 232.2, -2.0, 14.0, -8.0, 193, 44919.0, 2
6924, 27, -4.8, 389, 225.6, -6.0, 8.0, -4.0, 189, 45108.00000000001, -4
6975, 26, -4.600000000000001, 385, 220.8, -7.0, 1.0, -1.0, 185, 45293.0, -4
7034, 30, 2.220446049250313e-16, 384, 220.5, -3.0, -2.0, 4.0, 184, 45477.0, -1
7086, 36, 4.9, 384, 220.8, 3.0, 1.0, 6.0, 184, 45661.0, 0
7140, 36, 2.2, 389, 228.3, 3.0, 4.0, 0.0, 189, 45850.0, 5
7194, 32, -2.3, 397, 238.8, -1.0, 3.0, -4.0, 197, 46047.0, 8
7247, 28, -5.2, 380, 210.9, -5.0, -2.0, -4.0, 180, 46227.0, -17
7303, 26, -6.100000000000001, 391, 232.5, -7.0, -9.0, -2.0, 191, 46418.0, 11
7360, 29, -2.2, 391, 229.2, -4.0, -13.0, 3.0, 191, 46609.0, 0
7413, 33, 0.7, 401, 244.2, 0.0, -13.0, 4.0, 201, 46810.0, 10
7471, 39, 5.899999999999999, 384, 215.7, 6.0, -7.0, 6.0, 184, 46994.0, -17
7524, 42, 7.1, 385, 222.3, 9.0, 2.0, 3.0, 185, 47179.0, 1
7575, 41, 5.3, 393, 234.0, 8.0, 10.0, -1.0, 193, 47372.00000000001, 8
7636, 36, 0.5999999999999996, 376, 206.1, 3.0, 13.0, -5.0, 176, 47548.0, -17
7688, 35, 2.2, 383, 221.7, 2.0, 15.0, -1.0, 183, 47731.0, 7
7738, 35, 2.9, 393, 234.6, 2.0, 17.0, 0.0, 193, 47924.00000000001, 10
7793, 32, -0.5, 389, 225.6, -1.0, 16.0, -3.0, 189, 48113.0, -4
7854, 33, 2.1, 376, 207.3, 0.0, 16.0, 1.0, 176, 48289.0, -13
7911, 31, -0.7999999999999998, 389, 230.7, -2.0, 14.0, -2.0, 189, 48478.0, 13
7964, 29, -2.4, 321, 124.8, -4.0, 10.0, -2.0, 121, 48599.00000000001, -68
8019, 26, -5.4, 364, 209.7, -7.0, 3.0, -3.0, 164, 48763.00000000001, 43
8077, 26, -4.600000000000001, 401, 252.3, -7.0, -4.0, 0.0, 201, 48964.0, 37
8133, 28, -2.9, 393, 229.2, -5.0, -9.0, 2.0, 193, 49157.0, -8
8189, 34, 2.8, 399, 240.6, 1.0, -8.0, 6.0, 199, 49356.0, 6
8243, 38, 4.7, 391, 226.8, 5.0, -3.0, 4.0, 191, 49547.0, -8
8297, 42, 8.0, 391, 229.2, 9.0, 6.0, 4.0, 191, 49738.00000000001, 0
8351, 35, -1.5, 391, 229.2, 2.0, 8.0, -7.0, 191, 49929.00000000001, 0
8408, 27, -7.399999999999999, 376, 206.7, -6.0, 2.0, -8.0, 176, 50105.0, -15
8466, 27, -4.0, 370, 202.2, -6.0, -4.0, 0.0, 170, 50275.0, -6
8523, 32, 1.4, 366, 198.0, -1.0, -5.0, 5.0, 166, 50441.0, -4
8574, 36, 3.6, 361, 191.7, 3.0, -2.0, 4.0, 161, 50602.0, -5
8634, 35, 0.7, 347, 172.2, 2.0, 0.0, -1.0, 147, 50749.0, -14
8688, 35, 1.4, 329, 149.4, 2.0, 2.0, 0.0, 129, 50878.00000000001, -18
