time, color, angle, distance, speed, color_dev, color_int, color_der, speed_dev, speed_int, speed_der
0, 27, -7.799999999999999, 871, 1006.5, -6.0, -6.0, -6.0, 671, 671.0, 671.0
58, 27, -5.399999999999999, 864, 794.6999999999999, -6.0, -12.0, 0.0, 664, 1335.0, -7
111, 28, -4.7, 857, 786.3, -5.0, -17.0, 1.0, 657, 1992.0, -7
166, 31, -1.8, 863, 797.4, -2.0, -19.0, 3.0, 663, 2655.0, 6
218, 34, 0.3999999999999999, 893, 840.6000000000001, 1.0, -18.0, 3.0, 693, 3348.000000000001, 30
272, 37, 2.899999999999999, 857, 777.6000000000001, 4.0, -14.0, 3.0, 657, 4005.000000000001, -36
326, 37, 1.8, 845, 770.4, 4.0, -10.0, 0.0, 645, 4650.0, -12
379, 43, 10.0, 757, 642.0, 10.0, 0.0, 6.0, 557, 5207.000000000001, -88
442, 44, 9.299999999999999, 839, 791.4, 11.0, 11.0, 1.0, 639, 5846.0, 82
494, 41, 6.0, 842, 771.3, 8.0, 19.0, -3.0, 642, 6488.0, 3
549, 33, -2.1, 818, 734.4, 0.0, 19.0, -8.0, 618, 7106.000000000001, -24
609, 23, -11.1, 802, 717.6, -10.0, 9.0, -10.0, 602, 7708.0, -16
668, 23, -7.1, 796, 713.4, -10.0, -1.0, 0.0, 596, 8304.0, -6
727, 32, 3.6, 380, 91.20000000000001, -1.0, -2.0, 9.0, 180, 8484.0, -416
777, 38, 6.8, 765, 793.5, 5.0, 3.0, 6.0, 565, 9048.999999999999, 385
835, 43, 10.8, 784, 706.5, 10.0, 13.0, 5.0, 584, 9633.000000000001, 19
887, 39, 4.1, 784, 700.8, 6.0, 19.0, -4.0, 584, 10217.0, 0
943, 29, -6.3, 784, 700.8, -4.0, 15.0, -10.0, 584, 10801.0, 0
996, 26, -5.6, 784, 700.8, -7.0, 8.0, -3.0, 584, 11385.0, 0
1052, 22, -10.0, 730, 619.8, -11.0, -3.0, -4.0, 530, 11915.0, -54
1107, 29, 0.0, 517, 316.5, -4.0, -7.0, 7.0, 317, 12232.0, -213
1162, 37, 6.5, 517, 380.4, 4.0, -3.0, 8.0, 317, 12549.0, 0
1218, 39, 5.499999999999999, 517, 380.4, 6.0, 3.0, 2.0, 317, 12866.0, 0
1269, 40, 6.399999999999999, 517, 380.4, 7.0, 10.0, 1.0, 317, 13183.0, 0
1328, 37, 2.7, 517, 380.4, 4.0, 14.0, -3.0, 317, 13500.0, 0
1383, 35, 2.0, 695, 647.4, 2.0, 16.0, -2.0, 495, 13995.0, 178
1438, 29, -4.6, 680, 571.5, -4.0, 12.0, -6.0, 480, 14475.0, -15
1497, 26, -5.899999999999999, 677, 571.5, -7.0, 5.0, -3.0, 477, 14952.0, -3
1548, 26, -5.1, 726, 645.9, -7.0, -2.0, 0.0, 526, 15478.0, 49
1607, 33, 3.3, 708, 604.2000000000001, 0.0, -2.0, 7.0, 508, 15986.0, -18
1658, 35, 2.4, 672, 555.6, 2.0, 0.0, 2.0, 472, 16458.0, -36
1715, 39, 6.799999999999999, 674, 569.4, 6.0, 6.0, 4.0, 474, 16932.0, 2
1772, 42, 9.300000000000001, 672, 565.7999999999999, 9.0, 15.0, 3.0, 472, 17404.0, -2
1827, 38, 3.5, 658, 545.4, 5.0, 20.0, -4.0, 458, 17862.0, -14
1882, 31, -3.1, 648, 534.6, -2.0, 18.0, -7.0, 448, 18310.0, -10
1936, 23, -10.2, 630, 510.6000000000001, -10.0, 8.0, -8.0, 430, 18740.0, -18
1991, 20, -11.1, 634, 522.0, -13.0, -5.0, -3.0, 434, 19174.0, 4
2050, 30, 2.100000000000001, 609, 483.2999999999999, -3.0, -8.0, 10.0, 409, 19583.0, -25
2107, 41, 11.1, 609, 490.7999999999999, 8.0, 0.0, 11.0, 409, 19992.0, 0
2161, 44, 10.3, 588, 459.3, 11.0, 11.0, 3.0, 388, 20380.0, -21
2216, 42, 7.300000000000001, 567, 434.1, 9.0, 20.0, -2.0, 367, 20747.0, -21
2270, 36, 1.4, 580, 459.9, 3.0, 23.0, -6.0, 380, 21127.0, 13
2323, 24, -10.9, 567, 436.5, -9.0, 14.0, -12.0, 367, 21494.0, -13
2380, 19, -12.3, 563, 434.4, -14.0, 0.0, -5.0, 363, 21857.0, -4
2438, 21, -8.599999999999998, 326, 80.1, -12.0, -12.0, 2.0, 126, 21983.0, -237
2496, 31, 2.2, 326, 151.2, -2.0, -14.0, 10.0, 126, 22109.0, 0
2551, 41, 10.0, 519, 440.7, 8.0, -6.0, 10.0, 319, 22428.0, 193
2601, 39, 3.199999999999999, 504, 360.3, 6.0, 0.0, -2.0, 304, 22732.0, -15
2656, 39, 4.799999999999999, 487, 339.3, 6.0, 6.0, 0.0, 287, 23019.0, -17
2709, 31, -5.0, 491, 350.4, -2.0, 4.0, -8.0, 291, 23310.0, 4
2764, 35, 4.0, 491, 349.2, 2.0, 6.0, 4.0, 291, 23601.0, 0
2820, 31, -3.0, 483, 337.2, -2.0, 4.0, -4.0, 283, 23884.0, -8
2871, 33, 1.4, 490, 350.1, 0.0, 4.0, 2.0, 290, 24174.0, 7
2930, 29, -4.8, 462, 306.0, -4.0, 0.0, -4.0, 262, 24436.0, -28
2981, 28, -4.5, 460, 311.4, -5.0, -5.0, -1.0, 260, 24696.0, -2
3037, 36, 5.899999999999999, 443, 286.4999999999999, 3.0, -2.0, 8.0, 243, 24939.0, -17
3090, 35, 0.9, 447, 297.5999999999999, 2.0, 0.0, -1.0, 247, 25186.0, 4
3143, 32, -2.3, 443, 290.4, -1.0, -1.0, -3.0, 243, 25429.0, -4
3198, 31, -2.2, 439, 285.6, -2.0, -3.0, -1.0, 239, 25668.0, -4
3257, 35, 3.3, 439, 286.8, 2.0, -1.0, 4.0, 239, 25907.0, 0
3311, 42, 10.6, 429, 271.8, 9.0, 8.0, 7.0, 229, 26136.0, -10
3370, 35, -1.1, 420, 261.3, 2.0, 10.0, -7.0, 220, 26356.0, -9
3422, 27, -7.799999999999999, 420, 264.0, -6.0, 4.0, -8.0, 220, 26576.0, 0
3478, 23, -9.6, 416, 258.0, -10.0, -6.0, -4.0, 216, 26792.0, -4
3532, 28, -2.1, 418, 262.2, -5.0, -11.0, 5.0, 218, 27010.0, 2
3587, 41, 11.8, 418, 261.6, 8.0, -3.0, 13.0, 218, 27228.0, 0
3641, 44, 10.0, 416, 258.6, 11.0, 8.0, 3.0, 216, 27444.0, -2
3691, 37, 0.5, 412, 253.2, 4.0, 12.0, -7.0, 212, 27656.0, -4
3749, 26, -9.899999999999999, 403, 240.9, -7.0, 5.0, -11.0, 203, 27859.0, -9
3803, 26, -5.1, 401, 240.6, -7.0, -2.0, 0.0, 201, 28060.0, -2
3859, 35, 5.9, 399, 238.2, 2.0, 0.0, 9.0, 199, 28259.0, -2
3913, 42, 10.7, 399, 238.8, 9.0, 9.0, 7.0, 199, 28458.0, 0
3967, 42, 8.1, 393, 229.8, 9.0, 18.0, 0.0, 193, 28651.0, -6
4021, 29, -7.899999999999999, 391, 228.6, -4.0, 14.0, -13.0, 191, 28842.0, -2
4077, 22, -10.9, 404, 248.7, -11.0, 3.0, -7.0, 204, 29046.0, 13
4131, 22, -8.5, 392, 226.8, -11.0, -8.0, 0.0, 192, 29238.0, -12
4187, 31, 2.1, 401, 243.9, -2.0, -10.0, 9.0, 201, 29439.0, 9
4241, 37, 5.199999999999999, 397, 235.2, 4.0, -6.0, 6.0, 197, 29636.0, -4
4296, 41, 7.8, 393, 230.4, 8.0, 2.0, 4.0, 193, 29829.0, -4
4354, 37, 1.4, 391, 228.6, 4.0, 6.0, -4.0, 191, 30020.0, -2
4411, 31, -4.0, 399, 241.2, -2.0, 4.0, -6.0, 199, 30219.0, 8
4467, 28, -5.1, 384, 216.3, -5.0, -1.0, -3.0, 184, 30403.0, -15
4522, 29, -2.8, 397, 240.3, -4.0, -5.0, 1.0, 197, 30600.0, 13
4575, 36, 5.399999999999999, 397, 236.4, 3.0, -2.0, 7.0, 197, 30797.0, 0
4625, 37, 3.5, 393, 230.4, 4.0, 2.0, 1.0, 193, 30990.0, -4
4678, 34, -0.5, 397, 237.6, 1.0, 3.0, -3.0, 197, 31187.0, 4
4733, 36, 3.7, 384, 216.9, 3.0, 6.0, 2.0, 184, 31371.0, -13
4788, 33, -0.9, 392, 232.8, 0.0, 6.0, -3.0, 192, 31563.0, 8
4843, 30, -3.3, 392, 230.4, -3.0, 3.0, -3.0, 192, 31755.0, 0
4901, 27, -5.999999999999999, 391, 228.9, -6.0, -3.0, -3.0, 191, 31946.0, -1
4957, 29, -2.5, 389, 226.2, -4.0, -7.0, 2.0, 189, 32135.0, -2
5011, 31, -1.3, 401, 244.8, -2.0, -9.0, 2.0, 201, 32336.0, 12
5067, 37, 5.3, 385, 217.2, 4.0, -5.0, 6.0, 185, 32521.0, -16
5127, 38, 4.0, 397, 240.0, 5.0, 0.0, 1.0, 197, 32718.0, 12
5183, 39, 5.299999999999999, 391, 227.4, 6.0, 6.0, 1.0, 191, 32909.0, -6
5237, 33, -2.4, 382, 215.7, 0.0, 6.0, -6.0, 182, 33091.0, -9
5295, 32, -0.7, 384, 221.4, -1.0, 5.0, -1.0, 184, 33275.0, 2
5353, 31, -1.6, 380, 214.8, -2.0, 3.0, -1.0, 180, 33455.0, -4
5408, 32, 5.551115123125783e-17, 392, 234.0, -1.0, 2.0, 1.0, 192, 33647.0, 12
5461, 34, 2.0, 384, 218.4, 1.0, 3.0, 2.0, 184, 33831.0, -8
5518, 34, 1.1, 392, 232.8, 1.0, 4.0, 0.0, 192, 34023.0, 8
5573, 33, -0.1, 385, 219.9, 0.0, 4.0, -1.0, 185, 34208.0, -7
5629, 29, -4.8, 385, 222.0, -4.0, 0.0, -4.0, 185, 34393.0, 0
5680, 30, -1.899999999999999, 385, 222.0, -3.0, -3.0, 1.0, 185, 34578.0, 0
5730, 34, 2.5, 380, 214.5, 1.0, -2.0, 4.0, 180, 34758.0, -5
5780, 33, -0.7, 385, 223.5, 0.0, -2.0, -1.0, 185, 34943.0, 5
5837, 35, 2.4, 385, 222.0, 2.0, 0.0, 2.0, 185, 35128.0, 0
5890, 33, -1.0, 384, 220.5, 0.0, 0.0, -2.0, 184, 35312.0, -1
5941, 31, -2.6, 385, 222.3, -2.0, -2.0, -2.0, 185, 35497.0, 1
5995, 30, -3.1, 389, 228.0, -3.0, -5.0, -1.0, 189, 35686.0, 4
6051, 31, -1.6, 389, 226.8, -2.0, -7.0, 1.0, 189, 35875.0, 0
6109, 36, 4.199999999999999, 380, 213.3, 3.0, -4.0, 5.0, 180, 36055.0, -9
6163, 42, 9.800000000000001, 375, 208.5, 9.0, 5.0, 6.0, 175, 36230.0, -5
6220, 42, 7.7, 385, 225.0, 9.0, 14.0, 0.0, 185, 36415.0, 10
6276, 33, -3.1, 393, 234.0, 0.0, 14.0, -9.0, 193, 36608.0, 8
6327, 28, -5.1, 391, 228.6, -5.0, 9.0, -5.0, 191, 36799.0, -2
6378, 25, -7.0, 389, 226.2, -8.0, 1.0, -3.0, 189, 36988.0, -2
6430, 25, -6.3, 382, 216.3, -8.0, -7.0, 0.0, 182, 37170.0, -7
6487, 29, -1.9, 383, 219.9, -4.0, -11.0, 4.0, 183, 37353.0, 1
6541, 33, 0.9, 382, 218.1, 0.0, -11.0, 4.0, 182, 37535.0, -1
6599, 37, 4.1, 389, 228.9, 4.0, -7.0, 4.0, 189, 37724.0, 7
6653, 33, -2.7, 380, 213.3, 0.0, -7.0, -4.0, 180, 37904.0, -9
6710, 35, 1.9, 376, 210.0, 2.0, -5.0, 2.0, 176, 38080.0, -4
6776, 34, -0.2000000000000001, 383, 221.7, 1.0, -4.0, -1.0, 183, 38263.0, 7
6830, 34, 0.3999999999999999, 389, 228.6, 1.0, -3.0, 0.0, 189, 38452.0, 6
6880, 34, 0.4999999999999999, 393, 232.8, 1.0, -2.0, 0.0, 193, 38645.0, 4
6937, 38, 5.8, 389, 225.6, 5.0, 3.0, 4.0, 189, 38834.0, -4
6997, 43, 10.8, 384, 219.3, 10.0, 13.0, 5.0, 184, 39018.0, -5
7047, 43, 9.300000000000001, 382, 217.8, 10.0, 23.0, 0.0, 182, 39200.0, -2
7105, 34, -1.399999999999999, 376, 209.4, 1.0, 24.0, -9.0, 176, 39376.0, -6
7162, 23, -11.1, 383, 221.7, -10.0, 14.0, -11.0, 183, 39559.0, 7
7216, 20, -10.5, 375, 207.6, -13.0, 1.0, -3.0, 175, 39734.0, -8
7270, 24, -5.1, 389, 231.0, -9.0, -8.0, 4.0, 189, 39923.0, 14
7326, 28, -2.8, 385, 220.8, -5.0, -13.0, 4.0, 185, 40108.00000000001, -4
7380, 34, 2.5, 389, 228.0, 1.0, -12.0, 6.0, 189, 40297.0, 4
7434, 39, 6.1, 380, 213.3, 6.0, -6.0, 5.0, 180, 40477.0, -9
7490, 38, 2.9, 385, 223.5, 5.0, -1.0, -1.0, 185, 40662.0, 5
7546, 35, 0.0, 385, 222.0, 2.0, 1.0, -3.0, 185, 40847.0, 0
7599, 31, -3.5, 380, 214.5, -2.0, -1.0, -4.0, 180, 41027.0, -5
7654, 31, -1.7, 382, 219.0, -2.0, -3.0, 0.0, 182, 41209.0, 2
7709, 35, 3.3, 384, 221.4, 2.0, -1.0, 4.0, 184, 41393.0, 2
7764, 37, 4.1, 389, 228.3, 4.0, 3.0, 2.0, 189, 41582.0, 5
7818, 37, 3.5, 389, 226.8, 4.0, 7.0, 0.0, 189, 41771.0, 0
7872, 35, 1.3, 376, 207.3, 2.0, 9.0, -2.0, 176, 41947.0, -13
7927, 35, 2.5, 376, 211.2, 2.0, 11.0, 0.0, 176, 42123.0, 0
7985, 28, -6.4, 383, 221.7, -5.0, 6.0, -7.0, 183, 42306.0, 7
8039, 26, -5.999999999999999, 385, 222.6, -7.0, -1.0, -2.0, 185, 42491.0, 2
8095, 28, -3.1, 380, 214.5, -5.0, -6.0, 2.0, 180, 42671.0, -5
8157, 31, -0.7000000000000002, 383, 220.5, -2.0, -8.0, 3.0, 183, 42854.0, 3
8209, 39, 7.999999999999999, 383, 219.6, 6.0, -2.0, 8.0, 183, 43037.0, 0
8260, 38, 3.3, 385, 222.6, 5.0, 3.0, -1.0, 185, 43222.0, 2
8311, 37, 3.0, 385, 222.0, 4.0, 7.0, -1.0, 185, 43407.0, 0
8366, 31, -3.9, 376, 208.5, -2.0, 5.0, -6.0, 176, 43583.0, -9
8417, 28, -5.0, 326, 136.2, -5.0, 0.0, -3.0, 126, 43709.0, -50
8470, 28, -4.0, 401, 263.7, -5.0, -5.0, 0.0, 201, 43910.0, 75
8531, 36, 5.899999999999999, 357, 175.2, 3.0, -2.0, 8.0, 157, 44067.0, -44
8589, 37, 3.5, 355, 185.4, 4.0, 2.0, 1.0, 155, 44222.0, -2
8639, 41, 8.6, 347, 174.0, 8.0, 10.0, 4.0, 147, 44369.00000000001, -8
8690, 43, 10.0, 328, 147.9, 10.0, 20.0, 2.0, 128, 44497.0, -19
8746, 37, 2.2, 321, 143.1, 4.0, 24.0, -6.0, 121, 44618.0, -7
8800, 30, -3.5, 321, 145.2, -3.0, 21.0, -7.0, 121, 44739.0, 0
