time, color, angle, distance, speed, color_dev, color_int, color_der, speed_dev, speed_int, speed_der
0, 54, 25.2, 891, 1243.8, 21.0, 21.0, 21.0, 691, 691.0, 691.0
54, 54, 16.8, 877, 1011.3, 21.0, 42.0, 0.0, 677, 1368.0, -14
104, 53, 17.7, 879, 1019.1, 20.0, 62.0, -1.0, 679, 2047.0, 2
154, 50, 16.6, 872, 1005.9, 17.0, 79.0, -3.0, 672, 2719.0, -7
210, 52, 22.2, 872, 1008.0, 19.0, 98.00000000000001, 2.0, 672, 3391.0, 0
264, 52, 23.1, 903, 1063.8, 19.0, 117.0, 0.0, 703, 4094.0, 31
321, 43, 14.2, 885, 1022.1, 10.0, 127.0, -9.0, 685, 4779.0, -18
375, 28, 1.700000000000001, 879, 1016.7, -5.0, 122.0, -15.0, 679, 5458.0, -6
435, 14, -8.1, 879, 1018.5, -19.0, 103.0, -14.0, 679, 6137.0, 0
490, 6, -12.6, 857, 978.9, -27.0, 76.00000000000001, -8.0, 657, 6794.0, -22
551, 5, -12.5, 869, 1007.1, -28.0, 48.00000000000001, -1.0, 669, 7463.0, 12
604, 5, -14.8, 869, 1003.5, -28.0, 20.0, 0.0, 669, 8132.000000000001, 0
655, 5, -17.6, 848, 965.7, -28.0, -8.0, 0.0, 648, 8779.999999999999, -21
710, 5, -20.4, 834, 946.8, -28.0, -36.0, 0.0, 634, 9414.0, -14
764, 6, -22.0, 834, 951.0, -27.0, -63.00000000000001, 1.0, 634, 10048.0, 0
820, 11, -19.2, 818, 922.2000000000001, -22.0, -85.0, 5.0, 618, 10666.0, -16
880, 38, 8.5, 792, 880.2000000000001, 5.0, -80.0, 27.0, 592, 11258.0, -26
938, 57, 18.3, 780, 866.4, 24.0, -56.00000000000001, 19.0, 580, 11838.0, -12
991, 62, 17.2, 812, 927.6, 29.0, -27.0, 5.0, 612, 12450.0, 32
1048, 59, 14.0, 796, 889.2000000000001, 26.0, -1.0, -3.0, 596, 13046.0, -16
1104, 57, 15.7, 772, 850.7999999999999, 24.0, 23.0, -2.0, 572, 13618.0, -24
1154, 48, 8.300000000000001, 772, 858.0, 15.0, 38.0, -9.0, 572, 14190.0, 0
1206, 39, 3.5, 772, 858.0, 6.0, 44.0, -9.0, 572, 14762.0, 0
1260, 37, 6.200000000000001, 756, 829.2, 4.0, 48.00000000000001, -2.0, 556, 15318.0, -16
1315, 39, 10.0, 756, 834.0, 6.0, 54.0, 2.0, 556, 15874.0, 0
1372, 44, 15.6, 605, 562.2000000000001, 11.0, 65.0, 5.0, 405, 16279.0, -151
1423, 36, 4.600000000000001, 729, 830.7, 3.0, 68.00000000000001, -8.0, 529, 16808.0, 124
1474, 22, -7.899999999999999, 729, 793.5, -11.0, 57.0, -14.0, 529, 17337.0, 0
1529, 13, -12.8, 744, 820.5, -20.0, 37.0, -9.0, 544, 17881.0, 15
1589, 8, -16.3, 338, 85.20000000000001, -25.0, 12.0, -5.0, 138, 18019.0, -406
1645, 7, -17.5, 717, 889.2000000000001, -26.0, -14.0, -1.0, 517, 18536.0, 379
1695, 10, -16.0, 713, 768.3, -23.0, -37.0, 3.0, 513, 19049.0, -4
1752, 20, -7.800000000000001, 736, 810.9, -13.0, -50.0, 10.0, 536, 19585.0, 23
1810, 38, 7.5, 736, 804.0000000000001, 5.0, -45.0, 18.0, 536, 20121.0, 0
1861, 57, 21.8, 713, 762.6, 24.0, -21.0, 19.0, 513, 20634.0, -23
1912, 59, 17.1, 681, 711.9, 26.0, 5.0, 2.0, 481, 21115.0, -32
1967, 53, 11.5, 681, 721.5, 20.0, 25.0, -6.0, 481, 21596.0, 0
2022, 46, 8.1, 649, 663.9, 13.0, 38.0, -7.0, 449, 22045.0, -32
2080, 32, -3.9, 644, 664.5, -1.0, 37.0, -14.0, 444, 22489.0, -5
2138, 17, -15.0, 644, 666.0, -16.0, 21.0, -15.0, 444, 22933.0, 0
2192, 14, -12.7, 635, 649.7999999999999, -19.0, 2.0, -3.0, 435, 23368.0, -9
2250, 21, -4.699999999999999, 635, 652.5, -12.0, -10.0, 7.0, 435, 23803.0, 0
2303, 39, 12.2, 634, 650.7000000000001, 6.0, -4.0, 18.0, 434, 24237.0, -1
2361, 50, 17.0, 517, 440.4, 17.0, 13.0, 11.0, 317, 24554.0, -117
2420, 53, 16.8, 517, 475.5, 20.0, 33.0, 3.0, 317, 24871.0, 0
2470, 41, 2.9, 645, 705.9, 8.0, 41.00000000000001, -12.0, 445, 25316.0, 128
2523, 24, -10.7, 645, 667.5, -9.0, 32.0, -17.0, 445, 25761.0, 0
2580, 13, -16.3, 645, 667.5, -20.0, 12.0, -11.0, 445, 26206.0, 0
2634, 10, -16.4, 609, 602.7000000000001, -23.0, -11.0, -3.0, 409, 26615.0, -36
2691, 13, -13.6, 609, 613.5, -20.0, -31.0, 3.0, 409, 27024.0, 0
2745, 23, -5.100000000000001, 617, 627.9, -10.0, -41.00000000000001, 10.0, 417, 27441.0, 8
2801, 48, 18.9, 605, 603.9, 15.0, -26.0, 25.0, 405, 27846.0, -12
2859, 46, 5.5, 605, 607.5, 13.0, -13.0, -2.0, 405, 28251.0, 0
2913, 57, 21.0, 563, 531.9, 24.0, 11.0, 11.0, 363, 28614.0, -42
2963, 51, 10.7, 546, 513.9, 18.0, 29.0, -6.0, 346, 28960.0, -17
3020, 46, 9.5, 563, 549.6, 13.0, 42.0, -5.0, 363, 29323.0, 17
3075, 35, 0.1000000000000005, 534, 492.3, 2.0, 44.0, -11.0, 334, 29657.0, -29
3130, 23, -8.6, 403, 265.2, -10.0, 34.0, -12.0, 203, 29860.0, -131
3180, 15, -13.2, 509, 495.3, -18.0, 16.0, -8.0, 309, 30169.0, 106
3235, 14, -12.2, 511, 467.1, -19.0, -3.0, -1.0, 311, 30480.0, 2
3290, 23, -2.8, 496, 439.5, -10.0, -13.0, 9.0, 296, 30776.0, -15
3347, 43, 15.7, 483, 420.6, 10.0, -3.0, 20.0, 283, 31059.0, -13
3400, 47, 11.5, 488, 433.5, 14.0, 11.0, 4.0, 288, 31347.0, 5
3451, 51, 15.7, 475, 408.6, 18.0, 29.0, 4.0, 275, 31622.0, -13
3511, 43, 5.9, 473, 408.9, 10.0, 39.0, -8.0, 273, 31895.0, -2
3568, 27, -8.299999999999999, 464, 393.3, -6.0, 33.0, -16.0, 264, 32159.0, -9
3622, 12, -18.9, 321, 138.6, -21.0, 12.0, -15.0, 121, 32280.0, -143
3680, 8, -18.3, 447, 408.3, -25.0, -13.0, -4.0, 247, 32527.0, 126
3735, 10, -16.4, 448, 372.3, -23.0, -36.0, 2.0, 248, 32775.0, 1
3790, 24, -2.899999999999999, 446, 368.4, -9.0, -45.0, 14.0, 246, 33021.0, -2
3845, 47, 16.8, 439, 356.4, 14.0, -31.0, 23.0, 239, 33260.0, -7
3901, 65, 28.3, 439, 358.5, 32.0, 1.0, 18.0, 239, 33499.0, 0
3959, 62, 18.9, 412, 309.9, 29.0, 30.0, -3.0, 212, 33711.0, -27
4013, 48, 6.5, 408, 310.8, 15.0, 45.0, -14.0, 208, 33919.0, -4
4073, 29, -7.799999999999999, 412, 319.2, -4.0, 41.00000000000001, -19.0, 212, 34131.0, 4
4124, 14, -16.7, 393, 283.8, -19.0, 22.0, -15.0, 193, 34324.0, -19
4180, 9, -17.1, 372, 251.7, -24.0, -2.0, -5.0, 172, 34496.0, -21
4239, 8, -18.2, 366, 247.2, -25.0, -27.0, -1.0, 166, 34662.0, -6
4296, 32, 8.6, 374, 263.4, -1.0, -28.0, 24.0, 174, 34836.0, 8
4351, 52, 20.5, 374, 261.0, 19.0, -9.0, 20.0, 174, 35010.0, 0
4405, 50, 10.0, 380, 271.8, 17.0, 8.0, -2.0, 180, 35190.0, 6
4461, 48, 10.3, 376, 262.8, 15.0, 23.0, -2.0, 176, 35366.0, -4
4518, 44, 8.0, 370, 253.2, 11.0, 34.0, -4.0, 170, 35536.0, -6
4571, 35, 0.2999999999999998, 365, 246.0, 2.0, 36.0, -9.0, 165, 35701.0, -5
4630, 33, 2.6, 364, 245.7, 0.0, 36.0, -2.0, 164, 35865.0, -1
4688, 30, 4.440892098500626e-16, 366, 249.6, -3.0, 33.0, -3.0, 166, 36031.0, 2
4742, 29, 4.440892098500626e-16, 321, 168.0, -4.0, 29.0, -1.0, 121, 36152.0, -45
4799, 26, -3.5, 365, 260.7, -7.0, 22.0, -3.0, 165, 36317.0, 44
4852, 26, -2.7, 353, 225.9, -7.0, 15.0, 0.0, 153, 36470.0, -12
4903, 26, -3.4, 355, 233.1, -7.0, 8.0, 0.0, 155, 36625.0, 2
4958, 29, -0.5, 364, 248.7, -4.0, 4.0, 3.0, 164, 36789.0, 9
5010, 33, 2.4, 364, 246.0, 0.0, 4.0, 4.0, 164, 36953.0, 0
5064, 44, 13.6, 361, 240.6, 11.0, 15.0, 11.0, 161, 37114.0, -3
5124, 46, 11.6, 366, 250.5, 13.0, 28.0, 2.0, 166, 37280.0, 5
5181, 39, 3.5, 361, 240.0, 6.0, 34.0, -7.0, 161, 37441.0, -5
5241, 29, -4.4, 348, 218.1, -4.0, 30.0, -10.0, 148, 37589.0, -13
5301, 24, -5.799999999999999, 370, 261.6, -9.0, 21.0, -5.0, 170, 37759.0, 22
5357, 24, -4.199999999999999, 353, 224.4, -9.0, 12.0, 0.0, 153, 37912.0, -17
5411, 30, 2.1, 355, 233.1, -3.0, 9.0, 6.0, 155, 38067.0, 2
5470, 37, 7.2, 347, 218.1, 4.0, 13.0, 7.0, 147, 38214.0, -8
5528, 32, -1.9, 345, 216.9, -1.0, 12.0, -5.0, 145, 38359.0, -2
5583, 27, -5.5, 348, 222.9, -6.0, 6.0, -5.0, 148, 38507.0, 3
5639, 22, -9.6, 357, 238.2, -11.0, -5.0, -5.0, 157, 38664.0, 9
5699, 26, -3.4, 355, 231.9, -7.0, -12.0, 4.0, 155, 38819.0, -2
5754, 33, 2.3, 334, 194.7, 0.0, -12.0, 7.0, 134, 38953.0, -21
5812, 43, 10.8, 334, 201.0, 10.0, -2.0, 10.0, 134, 39087.0, 0
5866, 44, 8.0, 340, 211.8, 11.0, 9.0, 1.0, 140, 39227.0, 6
5922, 39, 2.6, 357, 240.6, 6.0, 15.0, -5.0, 157, 39384.0, 17
5979, 37, 3.3, 357, 235.5, 4.0, 19.0, -2.0, 157, 39541.0, 0
6032, 34, 1.1, 348, 219.3, 1.0, 20.0, -3.0, 148, 39689.0, -9
6089, 29, -3.3, 340, 207.6, -4.0, 16.0, -5.0, 140, 39829.0, -8
6139, 28, -2.4, 345, 219.0, -5.0, 11.0, -1.0, 145, 39974.0, 5
6193, 27, -3.6, 357, 239.1, -6.0, 5.0, -1.0, 157, 40131.00000000001, 12
6248, 31, 1.1, 357, 235.5, -2.0, 3.0, 4.0, 157, 40288.0, 0
6303, 32, 0.1, 355, 231.9, -1.0, 2.0, 1.0, 155, 40443.0, -2
6362, 27, -6.5, 345, 214.5, -6.0, -4.0, -5.0, 145, 40588.00000000001, -10
6417, 28, -3.4, 353, 231.9, -5.0, -9.0, 1.0, 153, 40741.0, 8
6471, 32, 0.3999999999999999, 353, 229.5, -1.0, -10.0, 4.0, 153, 40894.0, 0
6522, 37, 4.3, 353, 229.5, 4.0, -6.0, 5.0, 153, 41047.0, 0
6572, 41, 7.0, 353, 229.5, 8.0, 2.0, 4.0, 153, 41200.0, 0
6624, 41, 5.8, 347, 218.7, 8.0, 10.0, 0.0, 147, 41347.0, -6
6674, 37, 1.8, 348, 222.3, 4.0, 14.0, -4.0, 148, 41495.00000000001, 1
6730, 33, -0.5999999999999998, 348, 222.0, 0.0, 14.0, -4.0, 148, 41643.0, 0
6784, 36, 5.0, 334, 196.8, 3.0, 17.0, 3.0, 134, 41777.00000000001, -14
6839, 37, 5.0, 340, 211.8, 4.0, 21.0, 1.0, 140, 41917.0, 6
6894, 35, 2.5, 348, 224.4, 2.0, 23.0, -2.0, 148, 42065.0, 8
6949, 26, -7.1, 355, 234.6, -7.0, 16.0, -9.0, 155, 42220.0, 7
7001, 25, -4.5, 348, 219.9, -8.0, 8.0, -1.0, 148, 42368.00000000001, -7
7060, 27, -2.399999999999999, 347, 220.2, -6.0, 2.0, 2.0, 147, 42515.0, -1
7114, 29, -1.6, 355, 234.9, -4.0, -2.0, 2.0, 155, 42670.0, 8
7172, 29, -3.0, 353, 228.9, -4.0, -6.0, 0.0, 153, 42823.0, -2
7227, 29, -3.4, 349, 222.3, -4.0, -10.0, 0.0, 149, 42972.0, -4
7283, 31, -1.4, 336, 200.1, -2.0, -12.0, 2.0, 136, 43108.0, -13
7337, 39, 7.0, 340, 211.2, 6.0, -6.0, 8.0, 140, 43248.00000000001, 4
7391, 45, 10.8, 357, 240.6, 12.0, 6.0, 6.0, 157, 43405.0, 17
7447, 40, 3.0, 349, 221.1, 7.0, 13.0, -5.0, 149, 43554.0, -8
7502, 35, 0.2000000000000002, 349, 223.5, 2.0, 15.0, -5.0, 149, 43703.0, 0
7557, 36, 4.1, 347, 219.9, 3.0, 18.0, 1.0, 147, 43850.0, -2
7611, 37, 5.1, 336, 200.7, 4.0, 22.0, 1.0, 136, 43986.0, -11
7665, 27, -7.0, 340, 211.2, -6.0, 16.0, -10.0, 140, 44126.0, 4
7719, 26, -3.8, 345, 219.0, -7.0, 9.0, -1.0, 145, 44271.0, 5
7779, 28, -1.6, 349, 224.7, -5.0, 4.0, 2.0, 149, 44420.0, 4
7834, 33, 2.9, 349, 223.5, 0.0, 4.0, 5.0, 149, 44569.0, 0
7891, 30, -3.2, 353, 230.7, -3.0, 1.0, -3.0, 153, 44722.0, 4
7942, 25, -8.0, 345, 215.1, -8.0, -7.0, -5.0, 145, 44867.0, -8
8000, 25, -6.3, 353, 231.9, -8.0, -15.0, 0.0, 153, 45020.0, 8
8054, 30, -1.1, 348, 220.5, -3.0, -18.0, 5.0, 148, 45168.0, -5
8110, 38, 5.7, 348, 222.0, 5.0, -13.0, 8.0, 148, 45316.0, 0
8163, 45, 10.6, 347, 220.2, 12.0, -1.0, 7.0, 147, 45463.0, -1
8213, 45, 8.299999999999999, 361, 245.7, 12.0, 11.0, 0.0, 161, 45624.0, 14
8271, 41, 4.7, 345, 212.7, 8.0, 19.0, -4.0, 145, 45769.0, -16
8331, 38, 3.9, 348, 222.9, 5.0, 24.0, -3.0, 148, 45917.0, 3
8382, 36, 3.5, 345, 216.6, 3.0, 27.0, -2.0, 145, 46062.0, -3
8439, 33, 1.2, 338, 204.9, 0.0, 27.0, -3.0, 138, 46200.0, -7
8498, 28, -3.3, 349, 226.8, -5.0, 22.0, -5.0, 149, 46349.0, 11
8550, 24, -6.1, 326, 182.1, -9.0, 13.0, -4.0, 126, 46475.0, -23
8604, 26, -2.6, 321, 180.0, -7.0, 6.0, 2.0, 121, 46596.0, -5
8659, 30, 0.5000000000000002, 297, 138.3, -3.0, 3.0, 4.0, 97, 46693.0, -24
8714, 28, -4.2, 281, 116.7, -5.0, -2.0, -2.0, 81, 46774.0, -16
8770, 28, -3.7, 281, 121.5, -5.0, -7.0, 0.0, 81, 46855.0, 0
